0,23.1,7.35,0.45,0,0,0
0,23.3,7.35,0.45,0,0,0
0,23.5,7.35,0.45,0,0,0
0,23.7,7.35,0.45,0,0,0
0,23.9,7.35,0.45,0,0,0
0,24.1,7.35,0.45,0,0,0
0,24.3,7.35,0.45,0,0,0
0,24.5,7.35,0.45,0,0,0
0,24.7,7.35,0.45,0,0,0
0,24.9,7.35,0.45,0,0,0
0,25.1,7.35,0.45,0,0,0
0,25.3,7.35,0.45,0,0,0
0,25.5,7.35,0.45,0,0,0
0,32.5,7.35,0.45,0,0,0
0,32.7,7.35,0.45,0,0,0
0,32.9,7.35,0.45,0,0,0
0,33.1,7.35,0.45,0,0,0
0,33.3,7.35,0.45,0,0,0
0,33.5,7.35,0.45,0,0,0
0,33.7,7.35,0.45,0,0,0
0,33.9,7.35,0.45,0,0,0
0,34.1,7.35,0.45,0,0,0
0,34.3,7.35,0.45,0,0,0
0,34.5,7.35,0.45,0,0,0
0,34.7,7.35,0.45,0,0,0
0,34.9,7.35,0.45,0,0,0
0,23.1,8.05,0.45,0,0,0
0,23.3,8.05,0.45,0,0,0
0,23.5,8.05,0.45,0,0,0
0,23.7,8.05,0.45,0,0,0
0,23.9,8.05,0.45,0,0,0
0,24.1,8.05,0.45,0,0,0
0,24.3,8.05,0.45,0,0,0
0,24.5,8.05,0.45,0,0,0
0,24.7,8.05,0.45,0,0,0
0,24.9,8.05,0.45,0,0,0
0,25.1,8.05,0.45,0,0,0
0,25.3,8.05,0.45,0,0,0
0,25.5,8.05,0.45,0,0,0
0,32.5,8.05,0.45,0,0,0
0,32.7,8.05,0.45,0,0,0
0,32.9,8.05,0.45,0,0,0
0,33.1,8.05,0.45,0,0,0
0,33.3,8.05,0.45,0,0,0
0,33.5,8.05,0.45,0,0,0
0,33.7,8.05,0.45,0,0,0
0,33.9,8.05,0.45,0,0,0
0,34.1,8.05,0.45,0,0,0
0,34.3,8.05,0.45,0,0,0
0,34.5,8.05,0.45,0,0,0
0,34.7,8.05,0.45,0,0,0
0,34.9,8.05,0.45,0,0,0
0,23.1,8.75,0.45,0,0,0
0,23.3,8.75,0.45,0,0,0
0,23.5,8.75,0.45,0,0,0
0,23.7,8.75,0.45,0,0,0
0,23.9,8.75,0.45,0,0,0
0,24.1,8.75,0.45,0,0,0
0,24.3,8.75,0.45,0,0,0
0,24.5,8.75,0.45,0,0,0
0,24.7,8.75,0.45,0,0,0
0,24.9,8.75,0.45,0,0,0
0,25.1,8.75,0.45,0,0,0
0,25.3,8.75,0.45,0,0,0
0,25.5,8.75,0.45,0,0,0
0,32.5,8.75,0.45,0,0,0
0,32.7,8.75,0.45,0,0,0
0,32.9,8.75,0.45,0,0,0
0,33.1,8.75,0.45,0,0,0
0,33.3,8.75,0.45,0,0,0
0,33.5,8.75,0.45,0,0,0
0,33.7,8.75,0.45,0,0,0
0,33.9,8.75,0.45,0,0,0
0,34.1,8.75,0.45,0,0,0
0,34.3,8.75,0.45,0,0,0
0,34.5,8.75,0.45,0,0,0
0,34.7,8.75,0.45,0,0,0
0,34.9,8.75,0.45,0,0,0
0,23.1,9.45,0.45,0,0,0
0,23.3,9.45,0.45,0,0,0
0,23.5,9.45,0.45,0,0,0
0,23.7,9.45,0.45,0,0,0
0,23.9,9.45,0.45,0,0,0
0,24.1,9.45,0.45,0,0,0
0,24.3,9.45,0.45,0,0,0
0,24.5,9.45,0.45,0,0,0
0,24.7,9.45,0.45,0,0,0
0,24.9,9.45,0.45,0,0,0
0,25.1,9.45,0.45,0,0,0
0,25.3,9.45,0.45,0,0,0
0,25.5,9.45,0.45,0,0,0
0,32.1,9.45,0.45,0,0,0
0,32.3,9.45,0.45,0,0,0
0,32.5,9.45,0.45,0,0,0
0,32.7,9.45,0.45,0,0,0
0,32.9,9.45,0.45,0,0,0
0,33.1,9.45,0.45,0,0,0
0,33.3,9.45,0.45,0,0,0
0,33.5,9.45,0.45,0,0,0
0,33.7,9.45,0.45,0,0,0
0,33.9,9.45,0.45,0,0,0
0,34.1,9.45,0.45,0,0,0
0,34.3,9.45,0.45,0,0,0
0,34.5,9.45,0.45,0,0,0
0,34.7,9.45,0.45,0,0,0
0,34.9,9.45,0.45,0,0,0
0,23.1,10.15,0.45,0,0,0
0,23.3,10.15,0.45,0,0,0
0,23.5,10.15,0.45,0,0,0
0,23.7,10.15,0.45,0,0,0
0,23.9,10.15,0.45,0,0,0
0,24.1,10.15,0.45,0,0,0
0,24.3,10.15,0.45,0,0,0
0,24.5,10.15,0.45,0,0,0
0,24.7,10.15,0.45,0,0,0
0,24.9,10.15,0.45,0,0,0
0,25.1,10.15,0.45,0,0,0
0,25.3,10.15,0.45,0,0,0
0,25.5,10.15,0.45,0,0,0
0,31.5,10.15,0.45,0,0,0
0,31.7,10.15,0.45,0,0,0
0,31.9,10.15,0.45,0,0,0
0,32.1,10.15,0.45,0,0,0
0,32.3,10.15,0.45,0,0,0
0,32.5,10.15,0.45,0,0,0
0,32.7,10.15,0.45,0,0,0
0,32.9,10.15,0.45,0,0,0
0,33.1,10.15,0.45,0,0,0
0,33.3,10.15,0.45,0,0,0
0,33.5,10.15,0.45,0,0,0
0,33.7,10.15,0.45,0,0,0
0,33.9,10.15,0.45,0,0,0
0,34.1,10.15,0.45,0,0,0
0,34.3,10.15,0.45,0,0,0
0,34.5,10.15,0.45,0,0,0
0,34.7,10.15,0.45,0,0,0
0,34.9,10.15,0.45,0,0,0
0,23.1,10.85,0.45,0,0,0
0,23.3,10.85,0.45,0,0,0
0,23.5,10.85,0.45,0,0,0
0,23.7,10.85,0.45,0,0,0
0,23.9,10.85,0.45,0,0,0
0,24.1,10.85,0.45,0,0,0
0,24.3,10.85,0.45,0,0,0
0,24.5,10.85,0.45,0,0,0
0,24.7,10.85,0.45,0,0,0
0,24.9,10.85,0.45,0,0,0
0,25.1,10.85,0.45,0,0,0
0,25.3,10.85,0.45,0,0,0
0,30.7,10.85,0.45,0,0,0
0,30.9,10.85,0.45,0,0,0
0,31.1,10.85,0.45,0,0,0
0,31.3,10.85,0.45,0,0,0
0,31.5,10.85,0.45,0,0,0
0,31.7,10.85,0.45,0,0,0
0,31.9,10.85,0.45,0,0,0
0,32.1,10.85,0.45,0,0,0
0,32.3,10.85,0.45,0,0,0
0,32.5,10.85,0.45,0,0,0
0,32.7,10.85,0.45,0,0,0
0,32.9,10.85,0.45,0,0,0
0,33.1,10.85,0.45,0,0,0
0,33.3,10.85,0.45,0,0,0
0,33.5,10.85,0.45,0,0,0
0,33.7,10.85,0.45,0,0,0
0,33.9,10.85,0.45,0,0,0
0,34.1,10.85,0.45,0,0,0
0,34.3,10.85,0.45,0,0,0
0,34.5,10.85,0.45,0,0,0
0,34.7,10.85,0.45,0,0,0
0,34.9,10.85,0.45,0,0,0
0,30.5,11.55,0.45,0,0,0
0,30.7,11.55,0.45,0,0,0
0,30.9,11.55,0.45,0,0,0
0,31.1,11.55,0.45,0,0,0
0,31.3,11.55,0.45,0,0,0
0,31.5,11.55,0.45,0,0,0
0,31.7,11.55,0.45,0,0,0
0,31.9,11.55,0.45,0,0,0
0,32.1,11.55,0.45,0,0,0
0,32.3,11.55,0.45,0,0,0
0,32.5,11.55,0.45,0,0,0
0,32.7,11.55,0.45,0,0,0
0,32.9,11.55,0.45,0,0,0
0,33.1,11.55,0.45,0,0,0
0,33.3,11.55,0.45,0,0,0
0,33.5,11.55,0.45,0,0,0
0,33.7,11.55,0.45,0,0,0
0,33.9,11.55,0.45,0,0,0
0,34.1,11.55,0.45,0,0,0
0,34.3,11.55,0.45,0,0,0
0,34.5,11.55,0.45,0,0,0
0,34.7,11.55,0.45,0,0,0
0,34.9,11.55,0.45,0,0,0
0,30.5,12.25,0.45,0,0,0
0,30.7,12.25,0.45,0,0,0
0,30.9,12.25,0.45,0,0,0
0,31.1,12.25,0.45,0,0,0
0,31.3,12.25,0.45,0,0,0
0,31.5,12.25,0.45,0,0,0
0,31.7,12.25,0.45,0,0,0
0,31.9,12.25,0.45,0,0,0
0,32.1,12.25,0.45,0,0,0
0,32.3,12.25,0.45,0,0,0
0,32.5,12.25,0.45,0,0,0
0,32.7,12.25,0.45,0,0,0
0,32.9,12.25,0.45,0,0,0
0,33.1,12.25,0.45,0,0,0
0,33.3,12.25,0.45,0,0,0
0,33.5,12.25,0.45,0,0,0
0,33.7,12.25,0.45,0,0,0
0,33.9,12.25,0.45,0,0,0
0,34.1,12.25,0.45,0,0,0
0,34.3,12.25,0.45,0,0,0
0,34.5,12.25,0.45,0,0,0
0,34.7,12.25,0.45,0,0,0
0,34.9,12.25,0.45,0,0,0
0,30.9,12.95,0.45,0,0,0
0,31.1,12.95,0.45,0,0,0
0,31.3,12.95,0.45,0,0,0
0,31.5,12.95,0.45,0,0,0
0,31.7,12.95,0.45,0,0,0
0,31.9,12.95,0.45,0,0,0
0,32.1,12.95,0.45,0,0,0
0,32.3,12.95,0.45,0,0,0
0,32.5,12.95,0.45,0,0,0
0,32.7,12.95,0.45,0,0,0
0,32.9,12.95,0.45,0,0,0
0,33.1,12.95,0.45,0,0,0
0,33.3,12.95,0.45,0,0,0
0,33.5,12.95,0.45,0,0,0
0,33.7,12.95,0.45,0,0,0
0,33.9,12.95,0.45,0,0,0
0,34.1,12.95,0.45,0,0,0
0,34.3,12.95,0.45,0,0,0
0,34.5,12.95,0.45,0,0,0
0,34.7,12.95,0.45,0,0,0
0,34.9,12.95,0.45,0,0,0
0,31.7,13.65,0.45,0,0,0
0,31.9,13.65,0.45,0,0,0
0,32.1,13.65,0.45,0,0,0
0,32.3,13.65,0.45,0,0,0
0,32.5,13.65,0.45,0,0,0
0,32.7,13.65,0.45,0,0,0
0,32.9,13.65,0.45,0,0,0
0,33.1,13.65,0.45,0,0,0
0,33.3,13.65,0.45,0,0,0
0,33.5,13.65,0.45,0,0,0
0,33.7,13.65,0.45,0,0,0
0,33.9,13.65,0.45,0,0,0
0,34.1,13.65,0.45,0,0,0
0,34.3,13.65,0.45,0,0,0
0,34.5,13.65,0.45,0,0,0
0,34.7,13.65,0.45,0,0,0
0,34.9,13.65,0.45,0,0,0
0,32.1,14.35,0.45,0,0,0
0,32.3,14.35,0.45,0,0,0
0,32.5,14.35,0.45,0,0,0
0,32.7,14.35,0.45,0,0,0
0,32.9,14.35,0.45,0,0,0
0,33.1,14.35,0.45,0,0,0
0,33.3,14.35,0.45,0,0,0
0,33.5,14.35,0.45,0,0,0
0,33.7,14.35,0.45,0,0,0
0,33.9,14.35,0.45,0,0,0
0,34.1,14.35,0.45,0,0,0
0,34.3,14.35,0.45,0,0,0
0,34.5,14.35,0.45,0,0,0
0,34.7,14.35,0.45,0,0,0
0,34.9,14.35,0.45,0,0,0
0,32.3,15.05,0.45,0,0,0
0,32.5,15.05,0.45,0,0,0
0,32.7,15.05,0.45,0,0,0
0,32.9,15.05,0.45,0,0,0
0,33.1,15.05,0.45,0,0,0
0,33.3,15.05,0.45,0,0,0
0,33.5,15.05,0.45,0,0,0
0,33.7,15.05,0.45,0,0,0
0,33.9,15.05,0.45,0,0,0
0,34.1,15.05,0.45,0,0,0
0,34.3,15.05,0.45,0,0,0
0,34.5,15.05,0.45,0,0,0
0,34.7,15.05,0.45,0,0,0
0,34.9,15.05,0.45,0,0,0
0,13.9,15.75,0.45,0,0,0
0,14.1,15.75,0.45,0,0,0
0,14.3,15.75,0.45,0,0,0
0,14.5,15.75,0.45,0,0,0
0,14.7,15.75,0.45,0,0,0
0,14.9,15.75,0.45,0,0,0
0,15.1,15.75,0.45,0,0,0
0,15.3,15.75,0.45,0,0,0
0,15.5,15.75,0.45,0,0,0
0,32.5,15.75,0.45,0,0,0
0,32.7,15.75,0.45,0,0,0
0,32.9,15.75,0.45,0,0,0
0,33.1,15.75,0.45,0,0,0
0,33.3,15.75,0.45,0,0,0
0,33.5,15.75,0.45,0,0,0
0,33.7,15.75,0.45,0,0,0
0,33.9,15.75,0.45,0,0,0
0,34.1,15.75,0.45,0,0,0
0,34.3,15.75,0.45,0,0,0
0,34.5,15.75,0.45,0,0,0
0,34.7,15.75,0.45,0,0,0
0,34.9,15.75,0.45,0,0,0
0,13.9,16.45,0.45,0,0,0
0,14.1,16.45,0.45,0,0,0
0,14.3,16.45,0.45,0,0,0
0,14.5,16.45,0.45,0,0,0
0,14.7,16.45,0.45,0,0,0
0,14.9,16.45,0.45,0,0,0
0,15.1,16.45,0.45,0,0,0
0,15.3,16.45,0.45,0,0,0
0,15.5,16.45,0.45,0,0,0
0,15.7,16.45,0.45,0,0,0
0,15.9,16.45,0.45,0,0,0
0,16.1,16.45,0.45,0,0,0
0,21.5,16.45,0.45,0,0,0
0,21.7,16.45,0.45,0,0,0
0,21.9,16.45,0.45,0,0,0
0,32.5,16.45,0.45,0,0,0
0,32.7,16.45,0.45,0,0,0
0,32.9,16.45,0.45,0,0,0
0,33.1,16.45,0.45,0,0,0
0,33.3,16.45,0.45,0,0,0
0,33.5,16.45,0.45,0,0,0
0,33.7,16.45,0.45,0,0,0
0,33.9,16.45,0.45,0,0,0
0,34.1,16.45,0.45,0,0,0
0,34.3,16.45,0.45,0,0,0
0,34.5,16.45,0.45,0,0,0
0,34.7,16.45,0.45,0,0,0
0,34.9,16.45,0.45,0,0,0
0,13.9,17.15,0.45,0,0,0
0,14.1,17.15,0.45,0,0,0
0,14.3,17.15,0.45,0,0,0
0,14.5,17.15,0.45,0,0,0
0,14.7,17.15,0.45,0,0,0
0,14.9,17.15,0.45,0,0,0
0,15.1,17.15,0.45,0,0,0
0,15.3,17.15,0.45,0,0,0
0,15.5,17.15,0.45,0,0,0
0,15.7,17.15,0.45,0,0,0
0,15.9,17.15,0.45,0,0,0
0,16.1,17.15,0.45,0,0,0
0,16.3,17.15,0.45,0,0,0
0,21.5,17.15,0.45,0,0,0
0,21.7,17.15,0.45,0,0,0
0,21.9,17.15,0.45,0,0,0
0,32.5,17.15,0.45,0,0,0
0,32.7,17.15,0.45,0,0,0
0,32.9,17.15,0.45,0,0,0
0,33.1,17.15,0.45,0,0,0
0,33.3,17.15,0.45,0,0,0
0,33.5,17.15,0.45,0,0,0
0,33.7,17.15,0.45,0,0,0
0,33.9,17.15,0.45,0,0,0
0,34.1,17.15,0.45,0,0,0
0,34.3,17.15,0.45,0,0,0
0,34.5,17.15,0.45,0,0,0
0,34.7,17.15,0.45,0,0,0
0,34.9,17.15,0.45,0,0,0
0,13.9,17.85,0.45,0,0,0
0,14.1,17.85,0.45,0,0,0
0,14.3,17.85,0.45,0,0,0
0,14.5,17.85,0.45,0,0,0
0,14.7,17.85,0.45,0,0,0
0,14.9,17.85,0.45,0,0,0
0,15.1,17.85,0.45,0,0,0
0,15.3,17.85,0.45,0,0,0
0,15.5,17.85,0.45,0,0,0
0,15.7,17.85,0.45,0,0,0
0,15.9,17.85,0.45,0,0,0
0,16.1,17.85,0.45,0,0,0
0,16.3,17.85,0.45,0,0,0
0,32.5,17.85,0.45,0,0,0
0,32.7,17.85,0.45,0,0,0
0,32.9,17.85,0.45,0,0,0
0,33.1,17.85,0.45,0,0,0
0,33.3,17.85,0.45,0,0,0
0,33.5,17.85,0.45,0,0,0
0,33.7,17.85,0.45,0,0,0
0,33.9,17.85,0.45,0,0,0
0,34.1,17.85,0.45,0,0,0
0,34.3,17.85,0.45,0,0,0
0,34.5,17.85,0.45,0,0,0
0,34.7,17.85,0.45,0,0,0
0,34.9,17.85,0.45,0,0,0
0,13.9,18.55,0.45,0,0,0
0,14.1,18.55,0.45,0,0,0
0,14.3,18.55,0.45,0,0,0
0,14.5,18.55,0.45,0,0,0
0,14.7,18.55,0.45,0,0,0
0,14.9,18.55,0.45,0,0,0
0,15.1,18.55,0.45,0,0,0
0,15.3,18.55,0.45,0,0,0
0,15.5,18.55,0.45,0,0,0
0,15.7,18.55,0.45,0,0,0
0,15.9,18.55,0.45,0,0,0
0,16.1,18.55,0.45,0,0,0
0,32.5,18.55,0.45,0,0,0
0,32.7,18.55,0.45,0,0,0
0,32.9,18.55,0.45,0,0,0
0,33.1,18.55,0.45,0,0,0
0,33.3,18.55,0.45,0,0,0
0,33.5,18.55,0.45,0,0,0
0,33.7,18.55,0.45,0,0,0
0,33.9,18.55,0.45,0,0,0
0,34.1,18.55,0.45,0,0,0
0,34.3,18.55,0.45,0,0,0
0,34.5,18.55,0.45,0,0,0
0,34.7,18.55,0.45,0,0,0
0,34.9,18.55,0.45,0,0,0
0,13.9,19.25,0.45,0,0,0
0,14.1,19.25,0.45,0,0,0
0,14.3,19.25,0.45,0,0,0
0,14.5,19.25,0.45,0,0,0
0,14.7,19.25,0.45,0,0,0
0,14.9,19.25,0.45,0,0,0
0,15.1,19.25,0.45,0,0,0
0,15.3,19.25,0.45,0,0,0
0,15.5,19.25,0.45,0,0,0
0,15.7,19.25,0.45,0,0,0
0,15.9,19.25,0.45,0,0,0
0,32.5,19.25,0.45,0,0,0
0,32.7,19.25,0.45,0,0,0
0,32.9,19.25,0.45,0,0,0
0,33.1,19.25,0.45,0,0,0
0,33.3,19.25,0.45,0,0,0
0,33.5,19.25,0.45,0,0,0
0,33.7,19.25,0.45,0,0,0
0,33.9,19.25,0.45,0,0,0
0,34.1,19.25,0.45,0,0,0
0,34.3,19.25,0.45,0,0,0
0,34.5,19.25,0.45,0,0,0
0,34.7,19.25,0.45,0,0,0
0,34.9,19.25,0.45,0,0,0
0,13.9,19.95,0.45,0,0,0
0,14.1,19.95,0.45,0,0,0
0,14.3,19.95,0.45,0,0,0
0,14.5,19.95,0.45,0,0,0
0,14.7,19.95,0.45,0,0,0
0,14.9,19.95,0.45,0,0,0
0,15.1,19.95,0.45,0,0,0
0,15.3,19.95,0.45,0,0,0
0,15.5,19.95,0.45,0,0,0
0,32.5,19.95,0.45,0,0,0
0,32.7,19.95,0.45,0,0,0
0,32.9,19.95,0.45,0,0,0
0,33.1,19.95,0.45,0,0,0
0,33.3,19.95,0.45,0,0,0
0,33.5,19.95,0.45,0,0,0
0,33.7,19.95,0.45,0,0,0
0,33.9,19.95,0.45,0,0,0
0,34.1,19.95,0.45,0,0,0
0,34.3,19.95,0.45,0,0,0
0,34.5,19.95,0.45,0,0,0
0,34.7,19.95,0.45,0,0,0
0,34.9,19.95,0.45,0,0,0
0,13.9,20.65,0.45,0,0,0
0,14.1,20.65,0.45,0,0,0
0,14.3,20.65,0.45,0,0,0
0,14.5,20.65,0.45,0,0,0
0,14.7,20.65,0.45,0,0,0
0,14.9,20.65,0.45,0,0,0
0,15.1,20.65,0.45,0,0,0
0,32.5,20.65,0.45,0,0,0
0,32.7,20.65,0.45,0,0,0
0,32.9,20.65,0.45,0,0,0
0,33.1,20.65,0.45,0,0,0
0,33.3,20.65,0.45,0,0,0
0,33.5,20.65,0.45,0,0,0
0,33.7,20.65,0.45,0,0,0
0,33.9,20.65,0.45,0,0,0
0,34.1,20.65,0.45,0,0,0
0,34.3,20.65,0.45,0,0,0
0,34.5,20.65,0.45,0,0,0
0,34.7,20.65,0.45,0,0,0
0,34.9,20.65,0.45,0,0,0
0,13.9,21.35,0.45,0,0,0
0,14.1,21.35,0.45,0,0,0
0,14.3,21.35,0.45,0,0,0
0,14.5,21.35,0.45,0,0,0
0,14.7,21.35,0.45,0,0,0
0,14.9,21.35,0.45,0,0,0
0,20.1,21.35,0.45,0,0,0
0,20.3,21.35,0.45,0,0,0
0,20.5,21.35,0.45,0,0,0
0,20.7,21.35,0.45,0,0,0
0,20.9,21.35,0.45,0,0,0
0,21.1,21.35,0.45,0,0,0
0,21.3,21.35,0.45,0,0,0
0,21.5,21.35,0.45,0,0,0
0,32.5,21.35,0.45,0,0,0
0,32.7,21.35,0.45,0,0,0
0,32.9,21.35,0.45,0,0,0
0,33.1,21.35,0.45,0,0,0
0,33.3,21.35,0.45,0,0,0
0,33.5,21.35,0.45,0,0,0
0,33.7,21.35,0.45,0,0,0
0,33.9,21.35,0.45,0,0,0
0,34.1,21.35,0.45,0,0,0
0,34.3,21.35,0.45,0,0,0
0,34.5,21.35,0.45,0,0,0
0,34.7,21.35,0.45,0,0,0
0,34.9,21.35,0.45,0,0,0
0,13.9,22.05,0.45,0,0,0
0,14.1,22.05,0.45,0,0,0
0,14.3,22.05,0.45,0,0,0
0,14.5,22.05,0.45,0,0,0
0,14.7,22.05,0.45,0,0,0
0,18.7,22.05,0.45,0,0,0
0,18.9,22.05,0.45,0,0,0
0,19.1,22.05,0.45,0,0,0
0,19.3,22.05,0.45,0,0,0
0,19.5,22.05,0.45,0,0,0
0,19.7,22.05,0.45,0,0,0
0,19.9,22.05,0.45,0,0,0
0,20.1,22.05,0.45,0,0,0
0,20.3,22.05,0.45,0,0,0
0,20.5,22.05,0.45,0,0,0
0,20.7,22.05,0.45,0,0,0
0,20.9,22.05,0.45,0,0,0
0,21.1,22.05,0.45,0,0,0
0,21.3,22.05,0.45,0,0,0
0,21.5,22.05,0.45,0,0,0
0,32.5,22.05,0.45,0,0,0
0,32.7,22.05,0.45,0,0,0
0,32.9,22.05,0.45,0,0,0
0,33.1,22.05,0.45,0,0,0
0,33.3,22.05,0.45,0,0,0
0,33.5,22.05,0.45,0,0,0
0,33.7,22.05,0.45,0,0,0
0,33.9,22.05,0.45,0,0,0
0,34.1,22.05,0.45,0,0,0
0,34.3,22.05,0.45,0,0,0
0,34.5,22.05,0.45,0,0,0
0,34.7,22.05,0.45,0,0,0
0,34.9,22.05,0.45,0,0,0
0,13.9,22.75,0.45,0,0,0
0,14.1,22.75,0.45,0,0,0
0,14.3,22.75,0.45,0,0,0
0,14.5,22.75,0.45,0,0,0
0,14.7,22.75,0.45,0,0,0
0,18.5,22.75,0.45,0,0,0
0,18.7,22.75,0.45,0,0,0
0,18.9,22.75,0.45,0,0,0
0,19.1,22.75,0.45,0,0,0
0,19.3,22.75,0.45,0,0,0
0,19.5,22.75,0.45,0,0,0
0,19.7,22.75,0.45,0,0,0
0,19.9,22.75,0.45,0,0,0
0,20.1,22.75,0.45,0,0,0
0,20.3,22.75,0.45,0,0,0
0,20.5,22.75,0.45,0,0,0
0,20.7,22.75,0.45,0,0,0
0,20.9,22.75,0.45,0,0,0
0,21.1,22.75,0.45,0,0,0
0,21.3,22.75,0.45,0,0,0
0,21.5,22.75,0.45,0,0,0
0,21.7,22.75,0.45,0,0,0
0,32.5,22.75,0.45,0,0,0
0,32.7,22.75,0.45,0,0,0
0,32.9,22.75,0.45,0,0,0
0,33.1,22.75,0.45,0,0,0
0,33.3,22.75,0.45,0,0,0
0,33.5,22.75,0.45,0,0,0
0,33.7,22.75,0.45,0,0,0
0,33.9,22.75,0.45,0,0,0
0,34.1,22.75,0.45,0,0,0
0,34.3,22.75,0.45,0,0,0
0,34.5,22.75,0.45,0,0,0
0,34.7,22.75,0.45,0,0,0
0,34.9,22.75,0.45,0,0,0
0,22.3,7.35,1.35,0,0,0
0,22.5,7.35,1.35,0,0,0
0,22.7,7.35,1.35,0,0,0
0,22.9,7.35,1.35,0,0,0
0,23.1,7.35,1.35,0,0,0
0,25.5,7.35,1.35,0,0,0
0,25.7,7.35,1.35,0,0,0
0,25.9,7.35,1.35,0,0,0
0,26.1,7.35,1.35,0,0,0
0,31.9,7.35,1.35,0,0,0
0,32.1,7.35,1.35,0,0,0
0,32.3,7.35,1.35,0,0,0
0,32.5,7.35,1.35,0,0,0
0,22.3,8.05,1.35,0,0,0
0,22.5,8.05,1.35,0,0,0
0,22.7,8.05,1.35,0,0,0
0,22.9,8.05,1.35,0,0,0
0,23.1,8.05,1.35,0,0,0
0,25.5,8.05,1.35,0,0,0
0,25.7,8.05,1.35,0,0,0
0,25.9,8.05,1.35,0,0,0
0,26.1,8.05,1.35,0,0,0
0,31.9,8.05,1.35,0,0,0
0,32.1,8.05,1.35,0,0,0
0,32.3,8.05,1.35,0,0,0
0,32.5,8.05,1.35,0,0,0
0,22.3,8.75,1.35,0,0,0
0,22.5,8.75,1.35,0,0,0
0,22.7,8.75,1.35,0,0,0
0,22.9,8.75,1.35,0,0,0
0,23.1,8.75,1.35,0,0,0
0,25.5,8.75,1.35,0,0,0
0,25.7,8.75,1.35,0,0,0
0,25.9,8.75,1.35,0,0,0
0,26.1,8.75,1.35,0,0,0
0,31.7,8.75,1.35,0,0,0
0,31.9,8.75,1.35,0,0,0
0,32.1,8.75,1.35,0,0,0
0,32.3,8.75,1.35,0,0,0
0,32.5,8.75,1.35,0,0,0
0,22.3,9.45,1.35,0,0,0
0,22.5,9.45,1.35,0,0,0
0,22.7,9.45,1.35,0,0,0
0,22.9,9.45,1.35,0,0,0
0,23.1,9.45,1.35,0,0,0
0,25.5,9.45,1.35,0,0,0
0,25.7,9.45,1.35,0,0,0
0,25.9,9.45,1.35,0,0,0
0,26.1,9.45,1.35,0,0,0
0,31.3,9.45,1.35,0,0,0
0,31.5,9.45,1.35,0,0,0
0,31.7,9.45,1.35,0,0,0
0,31.9,9.45,1.35,0,0,0
0,32.1,9.45,1.35,0,0,0
0,32.3,9.45,1.35,0,0,0
0,32.5,9.45,1.35,0,0,0
0,22.3,10.15,1.35,0,0,0
0,22.5,10.15,1.35,0,0,0
0,22.7,10.15,1.35,0,0,0
0,22.9,10.15,1.35,0,0,0
0,23.1,10.15,1.35,0,0,0
0,25.3,10.15,1.35,0,0,0
0,25.5,10.15,1.35,0,0,0
0,25.7,10.15,1.35,0,0,0
0,25.9,10.15,1.35,0,0,0
0,26.1,10.15,1.35,0,0,0
0,30.5,10.15,1.35,0,0,0
0,30.7,10.15,1.35,0,0,0
0,30.9,10.15,1.35,0,0,0
0,31.1,10.15,1.35,0,0,0
0,31.3,10.15,1.35,0,0,0
0,31.5,10.15,1.35,0,0,0
0,31.7,10.15,1.35,0,0,0
0,31.9,10.15,1.35,0,0,0
0,32.1,10.15,1.35,0,0,0
0,22.5,10.85,1.35,0,0,0
0,22.7,10.85,1.35,0,0,0
0,22.9,10.85,1.35,0,0,0
0,23.1,10.85,1.35,0,0,0
0,23.3,10.85,1.35,0,0,0
0,23.5,10.85,1.35,0,0,0
0,23.7,10.85,1.35,0,0,0
0,23.9,10.85,1.35,0,0,0
0,24.1,10.85,1.35,0,0,0
0,24.3,10.85,1.35,0,0,0
0,24.5,10.85,1.35,0,0,0
0,24.7,10.85,1.35,0,0,0
0,24.9,10.85,1.35,0,0,0
0,25.1,10.85,1.35,0,0,0
0,25.3,10.85,1.35,0,0,0
0,25.5,10.85,1.35,0,0,0
0,25.7,10.85,1.35,0,0,0
0,25.9,10.85,1.35,0,0,0
0,26.1,10.85,1.35,0,0,0
0,29.9,10.85,1.35,0,0,0
0,30.1,10.85,1.35,0,0,0
0,30.3,10.85,1.35,0,0,0
0,30.5,10.85,1.35,0,0,0
0,30.7,10.85,1.35,0,0,0
0,30.9,10.85,1.35,0,0,0
0,31.1,10.85,1.35,0,0,0
0,31.3,10.85,1.35,0,0,0
0,31.5,10.85,1.35,0,0,0
0,22.7,11.55,1.35,0,0,0
0,22.9,11.55,1.35,0,0,0
0,23.1,11.55,1.35,0,0,0
0,23.3,11.55,1.35,0,0,0
0,23.5,11.55,1.35,0,0,0
0,23.7,11.55,1.35,0,0,0
0,23.9,11.55,1.35,0,0,0
0,24.1,11.55,1.35,0,0,0
0,24.3,11.55,1.35,0,0,0
0,24.5,11.55,1.35,0,0,0
0,24.7,11.55,1.35,0,0,0
0,24.9,11.55,1.35,0,0,0
0,25.1,11.55,1.35,0,0,0
0,25.3,11.55,1.35,0,0,0
0,25.5,11.55,1.35,0,0,0
0,29.7,11.55,1.35,0,0,0
0,29.9,11.55,1.35,0,0,0
0,30.1,11.55,1.35,0,0,0
0,30.3,11.55,1.35,0,0,0
0,30.5,11.55,1.35,0,0,0
0,30.7,11.55,1.35,0,0,0
0,23.1,12.25,1.35,0,0,0
0,23.3,12.25,1.35,0,0,0
0,23.5,12.25,1.35,0,0,0
0,23.7,12.25,1.35,0,0,0
0,23.9,12.25,1.35,0,0,0
0,24.1,12.25,1.35,0,0,0
0,24.3,12.25,1.35,0,0,0
0,24.5,12.25,1.35,0,0,0
0,29.7,12.25,1.35,0,0,0
0,29.9,12.25,1.35,0,0,0
0,30.1,12.25,1.35,0,0,0
0,30.3,12.25,1.35,0,0,0
0,30.5,12.25,1.35,0,0,0
0,30.7,12.25,1.35,0,0,0
0,30.9,12.25,1.35,0,0,0
0,30.1,12.95,1.35,0,0,0
0,30.3,12.95,1.35,0,0,0
0,30.5,12.95,1.35,0,0,0
0,30.7,12.95,1.35,0,0,0
0,30.9,12.95,1.35,0,0,0
0,31.1,12.95,1.35,0,0,0
0,31.3,12.95,1.35,0,0,0
0,31.5,12.95,1.35,0,0,0
0,31.7,12.95,1.35,0,0,0
0,30.7,13.65,1.35,0,0,0
0,30.9,13.65,1.35,0,0,0
0,31.1,13.65,1.35,0,0,0
0,31.3,13.65,1.35,0,0,0
0,31.5,13.65,1.35,0,0,0
0,31.7,13.65,1.35,0,0,0
0,31.9,13.65,1.35,0,0,0
0,32.1,13.65,1.35,0,0,0
0,31.3,14.35,1.35,0,0,0
0,31.5,14.35,1.35,0,0,0
0,31.7,14.35,1.35,0,0,0
0,31.9,14.35,1.35,0,0,0
0,32.1,14.35,1.35,0,0,0
0,32.3,14.35,1.35,0,0,0
0,13.9,15.05,1.35,0,0,0
0,14.1,15.05,1.35,0,0,0
0,14.3,15.05,1.35,0,0,0
0,14.5,15.05,1.35,0,0,0
0,14.7,15.05,1.35,0,0,0
0,14.9,15.05,1.35,0,0,0
0,15.1,15.05,1.35,0,0,0
0,15.3,15.05,1.35,0,0,0
0,22.3,15.05,1.35,0,0,0
0,22.5,15.05,1.35,0,0,0
0,22.7,15.05,1.35,0,0,0
0,22.9,15.05,1.35,0,0,0
0,23.1,15.05,1.35,0,0,0
0,23.3,15.05,1.35,0,0,0
0,23.5,15.05,1.35,0,0,0
0,31.7,15.05,1.35,0,0,0
0,31.9,15.05,1.35,0,0,0
0,32.1,15.05,1.35,0,0,0
0,32.3,15.05,1.35,0,0,0
0,32.5,15.05,1.35,0,0,0
0,13.9,15.75,1.35,0,0,0
0,14.1,15.75,1.35,0,0,0
0,14.3,15.75,1.35,0,0,0
0,14.5,15.75,1.35,0,0,0
0,14.7,15.75,1.35,0,0,0
0,14.9,15.75,1.35,0,0,0
0,15.1,15.75,1.35,0,0,0
0,15.3,15.75,1.35,0,0,0
0,15.5,15.75,1.35,0,0,0
0,15.7,15.75,1.35,0,0,0
0,15.9,15.75,1.35,0,0,0
0,16.1,15.75,1.35,0,0,0
0,16.3,15.75,1.35,0,0,0
0,16.5,15.75,1.35,0,0,0
0,20.9,15.75,1.35,0,0,0
0,21.1,15.75,1.35,0,0,0
0,21.3,15.75,1.35,0,0,0
0,21.5,15.75,1.35,0,0,0
0,21.7,15.75,1.35,0,0,0
0,21.9,15.75,1.35,0,0,0
0,22.1,15.75,1.35,0,0,0
0,22.3,15.75,1.35,0,0,0
0,22.5,15.75,1.35,0,0,0
0,22.7,15.75,1.35,0,0,0
0,22.9,15.75,1.35,0,0,0
0,23.1,15.75,1.35,0,0,0
0,23.3,15.75,1.35,0,0,0
0,23.5,15.75,1.35,0,0,0
0,31.7,15.75,1.35,0,0,0
0,31.9,15.75,1.35,0,0,0
0,32.1,15.75,1.35,0,0,0
0,32.3,15.75,1.35,0,0,0
0,32.5,15.75,1.35,0,0,0
0,15.5,16.45,1.35,0,0,0
0,15.7,16.45,1.35,0,0,0
0,15.9,16.45,1.35,0,0,0
0,16.1,16.45,1.35,0,0,0
0,16.3,16.45,1.35,0,0,0
0,16.5,16.45,1.35,0,0,0
0,16.7,16.45,1.35,0,0,0
0,16.9,16.45,1.35,0,0,0
0,20.5,16.45,1.35,0,0,0
0,20.7,16.45,1.35,0,0,0
0,20.9,16.45,1.35,0,0,0
0,21.1,16.45,1.35,0,0,0
0,21.3,16.45,1.35,0,0,0
0,21.5,16.45,1.35,0,0,0
0,21.7,16.45,1.35,0,0,0
0,21.9,16.45,1.35,0,0,0
0,22.1,16.45,1.35,0,0,0
0,22.3,16.45,1.35,0,0,0
0,22.5,16.45,1.35,0,0,0
0,22.7,16.45,1.35,0,0,0
0,22.9,16.45,1.35,0,0,0
0,23.1,16.45,1.35,0,0,0
0,23.3,16.45,1.35,0,0,0
0,23.5,16.45,1.35,0,0,0
0,31.7,16.45,1.35,0,0,0
0,31.9,16.45,1.35,0,0,0
0,32.1,16.45,1.35,0,0,0
0,32.3,16.45,1.35,0,0,0
0,32.5,16.45,1.35,0,0,0
0,16.1,17.15,1.35,0,0,0
0,16.3,17.15,1.35,0,0,0
0,16.5,17.15,1.35,0,0,0
0,16.7,17.15,1.35,0,0,0
0,16.9,17.15,1.35,0,0,0
0,20.3,17.15,1.35,0,0,0
0,20.5,17.15,1.35,0,0,0
0,20.7,17.15,1.35,0,0,0
0,20.9,17.15,1.35,0,0,0
0,21.1,17.15,1.35,0,0,0
0,21.3,17.15,1.35,0,0,0
0,21.5,17.15,1.35,0,0,0
0,21.7,17.15,1.35,0,0,0
0,21.9,17.15,1.35,0,0,0
0,22.1,17.15,1.35,0,0,0
0,22.3,17.15,1.35,0,0,0
0,22.5,17.15,1.35,0,0,0
0,22.7,17.15,1.35,0,0,0
0,22.9,17.15,1.35,0,0,0
0,23.1,17.15,1.35,0,0,0
0,31.7,17.15,1.35,0,0,0
0,31.9,17.15,1.35,0,0,0
0,32.1,17.15,1.35,0,0,0
0,32.3,17.15,1.35,0,0,0
0,32.5,17.15,1.35,0,0,0
0,16.1,17.85,1.35,0,0,0
0,16.3,17.85,1.35,0,0,0
0,16.5,17.85,1.35,0,0,0
0,16.7,17.85,1.35,0,0,0
0,16.9,17.85,1.35,0,0,0
0,20.3,17.85,1.35,0,0,0
0,20.5,17.85,1.35,0,0,0
0,20.7,17.85,1.35,0,0,0
0,20.9,17.85,1.35,0,0,0
0,21.1,17.85,1.35,0,0,0
0,21.3,17.85,1.35,0,0,0
0,21.5,17.85,1.35,0,0,0
0,21.7,17.85,1.35,0,0,0
0,21.9,17.85,1.35,0,0,0
0,22.1,17.85,1.35,0,0,0
0,22.3,17.85,1.35,0,0,0
0,22.5,17.85,1.35,0,0,0
0,22.7,17.85,1.35,0,0,0
0,22.9,17.85,1.35,0,0,0
0,31.7,17.85,1.35,0,0,0
0,31.9,17.85,1.35,0,0,0
0,32.1,17.85,1.35,0,0,0
0,32.3,17.85,1.35,0,0,0
0,32.5,17.85,1.35,0,0,0
0,15.9,18.55,1.35,0,0,0
0,16.1,18.55,1.35,0,0,0
0,16.3,18.55,1.35,0,0,0
0,16.5,18.55,1.35,0,0,0
0,16.7,18.55,1.35,0,0,0
0,16.9,18.55,1.35,0,0,0
0,20.3,18.55,1.35,0,0,0
0,20.5,18.55,1.35,0,0,0
0,20.7,18.55,1.35,0,0,0
0,20.9,18.55,1.35,0,0,0
0,21.1,18.55,1.35,0,0,0
0,21.3,18.55,1.35,0,0,0
0,21.5,18.55,1.35,0,0,0
0,21.7,18.55,1.35,0,0,0
0,21.9,18.55,1.35,0,0,0
0,22.1,18.55,1.35,0,0,0
0,22.3,18.55,1.35,0,0,0
0,22.5,18.55,1.35,0,0,0
0,22.7,18.55,1.35,0,0,0
0,31.7,18.55,1.35,0,0,0
0,31.9,18.55,1.35,0,0,0
0,32.1,18.55,1.35,0,0,0
0,32.3,18.55,1.35,0,0,0
0,32.5,18.55,1.35,0,0,0
0,15.5,19.25,1.35,0,0,0
0,15.7,19.25,1.35,0,0,0
0,15.9,19.25,1.35,0,0,0
0,16.1,19.25,1.35,0,0,0
0,16.3,19.25,1.35,0,0,0
0,16.5,19.25,1.35,0,0,0
0,16.7,19.25,1.35,0,0,0
0,20.3,19.25,1.35,0,0,0
0,20.5,19.25,1.35,0,0,0
0,20.7,19.25,1.35,0,0,0
0,20.9,19.25,1.35,0,0,0
0,21.1,19.25,1.35,0,0,0
0,21.3,19.25,1.35,0,0,0
0,21.5,19.25,1.35,0,0,0
0,21.7,19.25,1.35,0,0,0
0,21.9,19.25,1.35,0,0,0
0,22.1,19.25,1.35,0,0,0
0,22.3,19.25,1.35,0,0,0
0,22.5,19.25,1.35,0,0,0
0,22.7,19.25,1.35,0,0,0
0,22.9,19.25,1.35,0,0,0
0,31.7,19.25,1.35,0,0,0
0,31.9,19.25,1.35,0,0,0
0,32.1,19.25,1.35,0,0,0
0,32.3,19.25,1.35,0,0,0
0,32.5,19.25,1.35,0,0,0
0,15.1,19.95,1.35,0,0,0
0,15.3,19.95,1.35,0,0,0
0,15.5,19.95,1.35,0,0,0
0,15.7,19.95,1.35,0,0,0
0,15.9,19.95,1.35,0,0,0
0,16.1,19.95,1.35,0,0,0
0,16.3,19.95,1.35,0,0,0
0,20.3,19.95,1.35,0,0,0
0,20.5,19.95,1.35,0,0,0
0,20.7,19.95,1.35,0,0,0
0,20.9,19.95,1.35,0,0,0
0,21.1,19.95,1.35,0,0,0
0,21.3,19.95,1.35,0,0,0
0,21.5,19.95,1.35,0,0,0
0,21.7,19.95,1.35,0,0,0
0,21.9,19.95,1.35,0,0,0
0,22.1,19.95,1.35,0,0,0
0,22.3,19.95,1.35,0,0,0
0,22.5,19.95,1.35,0,0,0
0,22.7,19.95,1.35,0,0,0
0,22.9,19.95,1.35,0,0,0
0,31.7,19.95,1.35,0,0,0
0,31.9,19.95,1.35,0,0,0
0,32.1,19.95,1.35,0,0,0
0,32.3,19.95,1.35,0,0,0
0,32.5,19.95,1.35,0,0,0
0,14.9,20.65,1.35,0,0,0
0,15.1,20.65,1.35,0,0,0
0,15.3,20.65,1.35,0,0,0
0,15.5,20.65,1.35,0,0,0
0,15.7,20.65,1.35,0,0,0
0,19.9,20.65,1.35,0,0,0
0,20.1,20.65,1.35,0,0,0
0,20.3,20.65,1.35,0,0,0
0,20.5,20.65,1.35,0,0,0
0,20.7,20.65,1.35,0,0,0
0,20.9,20.65,1.35,0,0,0
0,21.1,20.65,1.35,0,0,0
0,21.3,20.65,1.35,0,0,0
0,21.5,20.65,1.35,0,0,0
0,21.7,20.65,1.35,0,0,0
0,21.9,20.65,1.35,0,0,0
0,22.1,20.65,1.35,0,0,0
0,22.3,20.65,1.35,0,0,0
0,22.5,20.65,1.35,0,0,0
0,22.7,20.65,1.35,0,0,0
0,22.9,20.65,1.35,0,0,0
0,31.7,20.65,1.35,0,0,0
0,31.9,20.65,1.35,0,0,0
0,32.1,20.65,1.35,0,0,0
0,32.3,20.65,1.35,0,0,0
0,32.5,20.65,1.35,0,0,0
0,14.7,21.35,1.35,0,0,0
0,14.9,21.35,1.35,0,0,0
0,15.1,21.35,1.35,0,0,0
0,15.3,21.35,1.35,0,0,0
0,18.9,21.35,1.35,0,0,0
0,19.1,21.35,1.35,0,0,0
0,19.3,21.35,1.35,0,0,0
0,19.5,21.35,1.35,0,0,0
0,19.7,21.35,1.35,0,0,0
0,19.9,21.35,1.35,0,0,0
0,20.1,21.35,1.35,0,0,0
0,20.3,21.35,1.35,0,0,0
0,20.5,21.35,1.35,0,0,0
0,20.7,21.35,1.35,0,0,0
0,20.9,21.35,1.35,0,0,0
0,21.1,21.35,1.35,0,0,0
0,21.3,21.35,1.35,0,0,0
0,21.5,21.35,1.35,0,0,0
0,21.7,21.35,1.35,0,0,0
0,21.9,21.35,1.35,0,0,0
0,22.1,21.35,1.35,0,0,0
0,22.3,21.35,1.35,0,0,0
0,22.5,21.35,1.35,0,0,0
0,22.7,21.35,1.35,0,0,0
0,22.9,21.35,1.35,0,0,0
0,31.7,21.35,1.35,0,0,0
0,31.9,21.35,1.35,0,0,0
0,32.1,21.35,1.35,0,0,0
0,32.3,21.35,1.35,0,0,0
0,32.5,21.35,1.35,0,0,0
0,14.7,22.05,1.35,0,0,0
0,14.9,22.05,1.35,0,0,0
0,15.1,22.05,1.35,0,0,0
0,15.3,22.05,1.35,0,0,0
0,18.1,22.05,1.35,0,0,0
0,18.3,22.05,1.35,0,0,0
0,18.5,22.05,1.35,0,0,0
0,18.7,22.05,1.35,0,0,0
0,18.9,22.05,1.35,0,0,0
0,19.1,22.05,1.35,0,0,0
0,19.3,22.05,1.35,0,0,0
0,19.5,22.05,1.35,0,0,0
0,19.7,22.05,1.35,0,0,0
0,19.9,22.05,1.35,0,0,0
0,20.1,22.05,1.35,0,0,0
0,21.5,22.05,1.35,0,0,0
0,21.7,22.05,1.35,0,0,0
0,21.9,22.05,1.35,0,0,0
0,22.1,22.05,1.35,0,0,0
0,22.3,22.05,1.35,0,0,0
0,22.5,22.05,1.35,0,0,0
0,22.7,22.05,1.35,0,0,0
0,22.9,22.05,1.35,0,0,0
0,31.7,22.05,1.35,0,0,0
0,31.9,22.05,1.35,0,0,0
0,32.1,22.05,1.35,0,0,0
0,32.3,22.05,1.35,0,0,0
0,32.5,22.05,1.35,0,0,0
0,14.7,22.75,1.35,0,0,0
0,14.9,22.75,1.35,0,0,0
0,15.1,22.75,1.35,0,0,0
0,15.3,22.75,1.35,0,0,0
0,17.9,22.75,1.35,0,0,0
0,18.1,22.75,1.35,0,0,0
0,18.3,22.75,1.35,0,0,0
0,18.5,22.75,1.35,0,0,0
0,18.7,22.75,1.35,0,0,0
0,21.5,22.75,1.35,0,0,0
0,21.7,22.75,1.35,0,0,0
0,21.9,22.75,1.35,0,0,0
0,22.1,22.75,1.35,0,0,0
0,22.3,22.75,1.35,0,0,0
0,22.5,22.75,1.35,0,0,0
0,22.7,22.75,1.35,0,0,0
0,22.9,22.75,1.35,0,0,0
0,31.7,22.75,1.35,0,0,0
0,31.9,22.75,1.35,0,0,0
0,32.1,22.75,1.35,0,0,0
0,32.3,22.75,1.35,0,0,0
0,32.5,22.75,1.35,0,0,0
0,21.5,7.35,2.25,0,0,0
0,21.7,7.35,2.25,0,0,0
0,21.9,7.35,2.25,0,0,0
0,22.1,7.35,2.25,0,0,0
0,22.3,7.35,2.25,0,0,0
0,26.1,7.35,2.25,0,0,0
0,26.3,7.35,2.25,0,0,0
0,26.5,7.35,2.25,0,0,0
0,26.7,7.35,2.25,0,0,0
0,31.3,7.35,2.25,0,0,0
0,31.5,7.35,2.25,0,0,0
0,31.7,7.35,2.25,0,0,0
0,31.9,7.35,2.25,0,0,0
0,21.5,8.05,2.25,0,0,0
0,21.7,8.05,2.25,0,0,0
0,21.9,8.05,2.25,0,0,0
0,22.1,8.05,2.25,0,0,0
0,22.3,8.05,2.25,0,0,0
0,26.1,8.05,2.25,0,0,0
0,26.3,8.05,2.25,0,0,0
0,26.5,8.05,2.25,0,0,0
0,26.7,8.05,2.25,0,0,0
0,31.3,8.05,2.25,0,0,0
0,31.5,8.05,2.25,0,0,0
0,31.7,8.05,2.25,0,0,0
0,31.9,8.05,2.25,0,0,0
0,21.5,8.75,2.25,0,0,0
0,21.7,8.75,2.25,0,0,0
0,21.9,8.75,2.25,0,0,0
0,22.1,8.75,2.25,0,0,0
0,22.3,8.75,2.25,0,0,0
0,26.1,8.75,2.25,0,0,0
0,26.3,8.75,2.25,0,0,0
0,26.5,8.75,2.25,0,0,0
0,26.7,8.75,2.25,0,0,0
0,31.1,8.75,2.25,0,0,0
0,31.3,8.75,2.25,0,0,0
0,31.5,8.75,2.25,0,0,0
0,31.7,8.75,2.25,0,0,0
0,31.9,8.75,2.25,0,0,0
0,21.5,9.45,2.25,0,0,0
0,21.7,9.45,2.25,0,0,0
0,21.9,9.45,2.25,0,0,0
0,22.1,9.45,2.25,0,0,0
0,22.3,9.45,2.25,0,0,0
0,26.1,9.45,2.25,0,0,0
0,26.3,9.45,2.25,0,0,0
0,26.5,9.45,2.25,0,0,0
0,26.7,9.45,2.25,0,0,0
0,30.5,9.45,2.25,0,0,0
0,30.7,9.45,2.25,0,0,0
0,30.9,9.45,2.25,0,0,0
0,31.1,9.45,2.25,0,0,0
0,31.3,9.45,2.25,0,0,0
0,31.5,9.45,2.25,0,0,0
0,31.7,9.45,2.25,0,0,0
0,21.5,10.15,2.25,0,0,0
0,21.7,10.15,2.25,0,0,0
0,21.9,10.15,2.25,0,0,0
0,22.1,10.15,2.25,0,0,0
0,22.3,10.15,2.25,0,0,0
0,22.5,10.15,2.25,0,0,0
0,26.1,10.15,2.25,0,0,0
0,26.3,10.15,2.25,0,0,0
0,26.5,10.15,2.25,0,0,0
0,26.7,10.15,2.25,0,0,0
0,29.7,10.15,2.25,0,0,0
0,29.9,10.15,2.25,0,0,0
0,30.1,10.15,2.25,0,0,0
0,30.3,10.15,2.25,0,0,0
0,30.5,10.15,2.25,0,0,0
0,30.7,10.15,2.25,0,0,0
0,30.9,10.15,2.25,0,0,0
0,31.1,10.15,2.25,0,0,0
0,31.3,10.15,2.25,0,0,0
0,21.7,10.85,2.25,0,0,0
0,21.9,10.85,2.25,0,0,0
0,22.1,10.85,2.25,0,0,0
0,22.3,10.85,2.25,0,0,0
0,22.5,10.85,2.25,0,0,0
0,22.7,10.85,2.25,0,0,0
0,25.5,10.85,2.25,0,0,0
0,25.7,10.85,2.25,0,0,0
0,25.9,10.85,2.25,0,0,0
0,26.1,10.85,2.25,0,0,0
0,26.3,10.85,2.25,0,0,0
0,26.5,10.85,2.25,0,0,0
0,26.7,10.85,2.25,0,0,0
0,29.1,10.85,2.25,0,0,0
0,29.3,10.85,2.25,0,0,0
0,29.5,10.85,2.25,0,0,0
0,29.7,10.85,2.25,0,0,0
0,29.9,10.85,2.25,0,0,0
0,30.1,10.85,2.25,0,0,0
0,30.3,10.85,2.25,0,0,0
0,30.5,10.85,2.25,0,0,0
0,22.1,11.55,2.25,0,0,0
0,22.3,11.55,2.25,0,0,0
0,22.5,11.55,2.25,0,0,0
0,22.7,11.55,2.25,0,0,0
0,22.9,11.55,2.25,0,0,0
0,23.1,11.55,2.25,0,0,0
0,24.5,11.55,2.25,0,0,0
0,24.7,11.55,2.25,0,0,0
0,24.9,11.55,2.25,0,0,0
0,25.1,11.55,2.25,0,0,0
0,25.3,11.55,2.25,0,0,0
0,25.5,11.55,2.25,0,0,0
0,25.7,11.55,2.25,0,0,0
0,25.9,11.55,2.25,0,0,0
0,26.1,11.55,2.25,0,0,0
0,29.1,11.55,2.25,0,0,0
0,29.3,11.55,2.25,0,0,0
0,29.5,11.55,2.25,0,0,0
0,29.7,11.55,2.25,0,0,0
0,29.9,11.55,2.25,0,0,0
0,22.5,12.25,2.25,0,0,0
0,22.7,12.25,2.25,0,0,0
0,22.9,12.25,2.25,0,0,0
0,23.1,12.25,2.25,0,0,0
0,23.3,12.25,2.25,0,0,0
0,23.5,12.25,2.25,0,0,0
0,23.7,12.25,2.25,0,0,0
0,23.9,12.25,2.25,0,0,0
0,24.1,12.25,2.25,0,0,0
0,24.3,12.25,2.25,0,0,0
0,24.5,12.25,2.25,0,0,0
0,24.7,12.25,2.25,0,0,0
0,24.9,12.25,2.25,0,0,0
0,25.1,12.25,2.25,0,0,0
0,25.3,12.25,2.25,0,0,0
0,29.1,12.25,2.25,0,0,0
0,29.3,12.25,2.25,0,0,0
0,29.5,12.25,2.25,0,0,0
0,29.7,12.25,2.25,0,0,0
0,29.9,12.25,2.25,0,0,0
0,30.1,12.25,2.25,0,0,0
0,22.7,12.95,2.25,0,0,0
0,22.9,12.95,2.25,0,0,0
0,23.1,12.95,2.25,0,0,0
0,23.3,12.95,2.25,0,0,0
0,23.5,12.95,2.25,0,0,0
0,23.7,12.95,2.25,0,0,0
0,23.9,12.95,2.25,0,0,0
0,24.1,12.95,2.25,0,0,0
0,24.3,12.95,2.25,0,0,0
0,24.5,12.95,2.25,0,0,0
0,24.7,12.95,2.25,0,0,0
0,29.5,12.95,2.25,0,0,0
0,29.7,12.95,2.25,0,0,0
0,29.9,12.95,2.25,0,0,0
0,30.1,12.95,2.25,0,0,0
0,30.3,12.95,2.25,0,0,0
0,30.5,12.95,2.25,0,0,0
0,30.7,12.95,2.25,0,0,0
0,22.9,13.65,2.25,0,0,0
0,23.1,13.65,2.25,0,0,0
0,23.3,13.65,2.25,0,0,0
0,23.5,13.65,2.25,0,0,0
0,23.7,13.65,2.25,0,0,0
0,23.9,13.65,2.25,0,0,0
0,24.1,13.65,2.25,0,0,0
0,24.3,13.65,2.25,0,0,0
0,30.1,13.65,2.25,0,0,0
0,30.3,13.65,2.25,0,0,0
0,30.5,13.65,2.25,0,0,0
0,30.7,13.65,2.25,0,0,0
0,30.9,13.65,2.25,0,0,0
0,31.1,13.65,2.25,0,0,0
0,31.3,13.65,2.25,0,0,0
0,22.5,14.35,2.25,0,0,0
0,22.7,14.35,2.25,0,0,0
0,22.9,14.35,2.25,0,0,0
0,23.1,14.35,2.25,0,0,0
0,23.3,14.35,2.25,0,0,0
0,23.5,14.35,2.25,0,0,0
0,23.7,14.35,2.25,0,0,0
0,23.9,14.35,2.25,0,0,0
0,24.1,14.35,2.25,0,0,0
0,24.3,14.35,2.25,0,0,0
0,30.7,14.35,2.25,0,0,0
0,30.9,14.35,2.25,0,0,0
0,31.1,14.35,2.25,0,0,0
0,31.3,14.35,2.25,0,0,0
0,31.5,14.35,2.25,0,0,0
0,31.7,14.35,2.25,0,0,0
0,13.9,15.05,2.25,0,0,0
0,14.1,15.05,2.25,0,0,0
0,14.3,15.05,2.25,0,0,0
0,14.5,15.05,2.25,0,0,0
0,14.7,15.05,2.25,0,0,0
0,14.9,15.05,2.25,0,0,0
0,15.1,15.05,2.25,0,0,0
0,15.3,15.05,2.25,0,0,0
0,15.5,15.05,2.25,0,0,0
0,15.7,15.05,2.25,0,0,0
0,15.9,15.05,2.25,0,0,0
0,16.1,15.05,2.25,0,0,0
0,16.3,15.05,2.25,0,0,0
0,16.5,15.05,2.25,0,0,0
0,16.7,15.05,2.25,0,0,0
0,21.3,15.05,2.25,0,0,0
0,21.5,15.05,2.25,0,0,0
0,21.7,15.05,2.25,0,0,0
0,21.9,15.05,2.25,0,0,0
0,22.1,15.05,2.25,0,0,0
0,22.3,15.05,2.25,0,0,0
0,22.5,15.05,2.25,0,0,0
0,22.7,15.05,2.25,0,0,0
0,22.9,15.05,2.25,0,0,0
0,23.1,15.05,2.25,0,0,0
0,23.3,15.05,2.25,0,0,0
0,23.5,15.05,2.25,0,0,0
0,23.7,15.05,2.25,0,0,0
0,23.9,15.05,2.25,0,0,0
0,24.1,15.05,2.25,0,0,0
0,24.3,15.05,2.25,0,0,0
0,30.9,15.05,2.25,0,0,0
0,31.1,15.05,2.25,0,0,0
0,31.3,15.05,2.25,0,0,0
0,31.5,15.05,2.25,0,0,0
0,31.7,15.05,2.25,0,0,0
0,15.3,15.75,2.25,0,0,0
0,15.5,15.75,2.25,0,0,0
0,15.7,15.75,2.25,0,0,0
0,15.9,15.75,2.25,0,0,0
0,16.1,15.75,2.25,0,0,0
0,16.3,15.75,2.25,0,0,0
0,16.5,15.75,2.25,0,0,0
0,16.7,15.75,2.25,0,0,0
0,16.9,15.75,2.25,0,0,0
0,17.1,15.75,2.25,0,0,0
0,17.3,15.75,2.25,0,0,0
0,20.1,15.75,2.25,0,0,0
0,20.3,15.75,2.25,0,0,0
0,20.5,15.75,2.25,0,0,0
0,20.7,15.75,2.25,0,0,0
0,20.9,15.75,2.25,0,0,0
0,21.1,15.75,2.25,0,0,0
0,21.3,15.75,2.25,0,0,0
0,21.5,15.75,2.25,0,0,0
0,21.7,15.75,2.25,0,0,0
0,21.9,15.75,2.25,0,0,0
0,22.1,15.75,2.25,0,0,0
0,22.3,15.75,2.25,0,0,0
0,23.5,15.75,2.25,0,0,0
0,23.7,15.75,2.25,0,0,0
0,23.9,15.75,2.25,0,0,0
0,24.1,15.75,2.25,0,0,0
0,24.3,15.75,2.25,0,0,0
0,30.9,15.75,2.25,0,0,0
0,31.1,15.75,2.25,0,0,0
0,31.3,15.75,2.25,0,0,0
0,31.5,15.75,2.25,0,0,0
0,31.7,15.75,2.25,0,0,0
0,16.5,16.45,2.25,0,0,0
0,16.7,16.45,2.25,0,0,0
0,16.9,16.45,2.25,0,0,0
0,17.1,16.45,2.25,0,0,0
0,17.3,16.45,2.25,0,0,0
0,17.5,16.45,2.25,0,0,0
0,19.7,16.45,2.25,0,0,0
0,19.9,16.45,2.25,0,0,0
0,20.1,16.45,2.25,0,0,0
0,20.3,16.45,2.25,0,0,0
0,20.5,16.45,2.25,0,0,0
0,20.7,16.45,2.25,0,0,0
0,20.9,16.45,2.25,0,0,0
0,23.1,16.45,2.25,0,0,0
0,23.3,16.45,2.25,0,0,0
0,23.5,16.45,2.25,0,0,0
0,23.7,16.45,2.25,0,0,0
0,23.9,16.45,2.25,0,0,0
0,24.1,16.45,2.25,0,0,0
0,30.9,16.45,2.25,0,0,0
0,31.1,16.45,2.25,0,0,0
0,31.3,16.45,2.25,0,0,0
0,31.5,16.45,2.25,0,0,0
0,31.7,16.45,2.25,0,0,0
0,16.9,17.15,2.25,0,0,0
0,17.1,17.15,2.25,0,0,0
0,17.3,17.15,2.25,0,0,0
0,17.5,17.15,2.25,0,0,0
0,19.7,17.15,2.25,0,0,0
0,19.9,17.15,2.25,0,0,0
0,20.1,17.15,2.25,0,0,0
0,20.3,17.15,2.25,0,0,0
0,20.5,17.15,2.25,0,0,0
0,22.9,17.15,2.25,0,0,0
0,23.1,17.15,2.25,0,0,0
0,23.3,17.15,2.25,0,0,0
0,23.5,17.15,2.25,0,0,0
0,23.7,17.15,2.25,0,0,0
0,30.9,17.15,2.25,0,0,0
0,31.1,17.15,2.25,0,0,0
0,31.3,17.15,2.25,0,0,0
0,31.5,17.15,2.25,0,0,0
0,31.7,17.15,2.25,0,0,0
0,16.9,17.85,2.25,0,0,0
0,17.1,17.85,2.25,0,0,0
0,17.3,17.85,2.25,0,0,0
0,17.5,17.85,2.25,0,0,0
0,19.7,17.85,2.25,0,0,0
0,19.9,17.85,2.25,0,0,0
0,20.1,17.85,2.25,0,0,0
0,20.3,17.85,2.25,0,0,0
0,22.7,17.85,2.25,0,0,0
0,22.9,17.85,2.25,0,0,0
0,23.1,17.85,2.25,0,0,0
0,23.3,17.85,2.25,0,0,0
0,23.5,17.85,2.25,0,0,0
0,30.9,17.85,2.25,0,0,0
0,31.1,17.85,2.25,0,0,0
0,31.3,17.85,2.25,0,0,0
0,31.5,17.85,2.25,0,0,0
0,31.7,17.85,2.25,0,0,0
0,16.7,18.55,2.25,0,0,0
0,16.9,18.55,2.25,0,0,0
0,17.1,18.55,2.25,0,0,0
0,17.3,18.55,2.25,0,0,0
0,17.5,18.55,2.25,0,0,0
0,19.7,18.55,2.25,0,0,0
0,19.9,18.55,2.25,0,0,0
0,20.1,18.55,2.25,0,0,0
0,20.3,18.55,2.25,0,0,0
0,22.7,18.55,2.25,0,0,0
0,22.9,18.55,2.25,0,0,0
0,23.1,18.55,2.25,0,0,0
0,23.3,18.55,2.25,0,0,0
0,23.5,18.55,2.25,0,0,0
0,23.7,18.55,2.25,0,0,0
0,30.9,18.55,2.25,0,0,0
0,31.1,18.55,2.25,0,0,0
0,31.3,18.55,2.25,0,0,0
0,31.5,18.55,2.25,0,0,0
0,31.7,18.55,2.25,0,0,0
0,16.3,19.25,2.25,0,0,0
0,16.5,19.25,2.25,0,0,0
0,16.7,19.25,2.25,0,0,0
0,16.9,19.25,2.25,0,0,0
0,17.1,19.25,2.25,0,0,0
0,17.3,19.25,2.25,0,0,0
0,19.7,19.25,2.25,0,0,0
0,19.9,19.25,2.25,0,0,0
0,20.1,19.25,2.25,0,0,0
0,20.3,19.25,2.25,0,0,0
0,22.7,19.25,2.25,0,0,0
0,22.9,19.25,2.25,0,0,0
0,23.1,19.25,2.25,0,0,0
0,23.3,19.25,2.25,0,0,0
0,23.5,19.25,2.25,0,0,0
0,23.7,19.25,2.25,0,0,0
0,23.9,19.25,2.25,0,0,0
0,24.1,19.25,2.25,0,0,0
0,24.3,19.25,2.25,0,0,0
0,24.5,19.25,2.25,0,0,0
0,24.7,19.25,2.25,0,0,0
0,30.9,19.25,2.25,0,0,0
0,31.1,19.25,2.25,0,0,0
0,31.3,19.25,2.25,0,0,0
0,31.5,19.25,2.25,0,0,0
0,31.7,19.25,2.25,0,0,0
0,15.7,19.95,2.25,0,0,0
0,15.9,19.95,2.25,0,0,0
0,16.1,19.95,2.25,0,0,0
0,16.3,19.95,2.25,0,0,0
0,16.5,19.95,2.25,0,0,0
0,16.7,19.95,2.25,0,0,0
0,16.9,19.95,2.25,0,0,0
0,17.1,19.95,2.25,0,0,0
0,19.5,19.95,2.25,0,0,0
0,19.7,19.95,2.25,0,0,0
0,19.9,19.95,2.25,0,0,0
0,20.1,19.95,2.25,0,0,0
0,20.3,19.95,2.25,0,0,0
0,22.9,19.95,2.25,0,0,0
0,23.1,19.95,2.25,0,0,0
0,23.3,19.95,2.25,0,0,0
0,23.5,19.95,2.25,0,0,0
0,23.7,19.95,2.25,0,0,0
0,23.9,19.95,2.25,0,0,0
0,24.1,19.95,2.25,0,0,0
0,24.3,19.95,2.25,0,0,0
0,24.5,19.95,2.25,0,0,0
0,24.7,19.95,2.25,0,0,0
0,24.9,19.95,2.25,0,0,0
0,25.1,19.95,2.25,0,0,0
0,25.3,19.95,2.25,0,0,0
0,30.9,19.95,2.25,0,0,0
0,31.1,19.95,2.25,0,0,0
0,31.3,19.95,2.25,0,0,0
0,31.5,19.95,2.25,0,0,0
0,31.7,19.95,2.25,0,0,0
0,15.3,20.65,2.25,0,0,0
0,15.5,20.65,2.25,0,0,0
0,15.7,20.65,2.25,0,0,0
0,15.9,20.65,2.25,0,0,0
0,16.1,20.65,2.25,0,0,0
0,16.3,20.65,2.25,0,0,0
0,19.1,20.65,2.25,0,0,0
0,19.3,20.65,2.25,0,0,0
0,19.5,20.65,2.25,0,0,0
0,19.7,20.65,2.25,0,0,0
0,19.9,20.65,2.25,0,0,0
0,20.1,20.65,2.25,0,0,0
0,20.3,20.65,2.25,0,0,0
0,22.9,20.65,2.25,0,0,0
0,23.1,20.65,2.25,0,0,0
0,23.3,20.65,2.25,0,0,0
0,23.5,20.65,2.25,0,0,0
0,23.7,20.65,2.25,0,0,0
0,23.9,20.65,2.25,0,0,0
0,24.1,20.65,2.25,0,0,0
0,24.3,20.65,2.25,0,0,0
0,24.5,20.65,2.25,0,0,0
0,24.7,20.65,2.25,0,0,0
0,24.9,20.65,2.25,0,0,0
0,25.1,20.65,2.25,0,0,0
0,25.3,20.65,2.25,0,0,0
0,25.5,20.65,2.25,0,0,0
0,25.7,20.65,2.25,0,0,0
0,30.9,20.65,2.25,0,0,0
0,31.1,20.65,2.25,0,0,0
0,31.3,20.65,2.25,0,0,0
0,31.5,20.65,2.25,0,0,0
0,31.7,20.65,2.25,0,0,0
0,15.3,21.35,2.25,0,0,0
0,15.5,21.35,2.25,0,0,0
0,15.7,21.35,2.25,0,0,0
0,15.9,21.35,2.25,0,0,0
0,18.1,21.35,2.25,0,0,0
0,18.3,21.35,2.25,0,0,0
0,18.5,21.35,2.25,0,0,0
0,18.7,21.35,2.25,0,0,0
0,18.9,21.35,2.25,0,0,0
0,19.1,21.35,2.25,0,0,0
0,19.3,21.35,2.25,0,0,0
0,19.5,21.35,2.25,0,0,0
0,19.7,21.35,2.25,0,0,0
0,19.9,21.35,2.25,0,0,0
0,22.9,21.35,2.25,0,0,0
0,23.1,21.35,2.25,0,0,0
0,23.3,21.35,2.25,0,0,0
0,23.5,21.35,2.25,0,0,0
0,23.7,21.35,2.25,0,0,0
0,23.9,21.35,2.25,0,0,0
0,24.1,21.35,2.25,0,0,0
0,24.3,21.35,2.25,0,0,0
0,24.5,21.35,2.25,0,0,0
0,24.7,21.35,2.25,0,0,0
0,24.9,21.35,2.25,0,0,0
0,25.1,21.35,2.25,0,0,0
0,25.3,21.35,2.25,0,0,0
0,25.5,21.35,2.25,0,0,0
0,25.7,21.35,2.25,0,0,0
0,30.9,21.35,2.25,0,0,0
0,31.1,21.35,2.25,0,0,0
0,31.3,21.35,2.25,0,0,0
0,31.5,21.35,2.25,0,0,0
0,31.7,21.35,2.25,0,0,0
0,15.3,22.05,2.25,0,0,0
0,15.5,22.05,2.25,0,0,0
0,15.7,22.05,2.25,0,0,0
0,15.9,22.05,2.25,0,0,0
0,17.3,22.05,2.25,0,0,0
0,17.5,22.05,2.25,0,0,0
0,17.7,22.05,2.25,0,0,0
0,17.9,22.05,2.25,0,0,0
0,18.1,22.05,2.25,0,0,0
0,18.3,22.05,2.25,0,0,0
0,18.5,22.05,2.25,0,0,0
0,18.7,22.05,2.25,0,0,0
0,18.9,22.05,2.25,0,0,0
0,22.9,22.05,2.25,0,0,0
0,23.1,22.05,2.25,0,0,0
0,23.3,22.05,2.25,0,0,0
0,23.5,22.05,2.25,0,0,0
0,23.7,22.05,2.25,0,0,0
0,23.9,22.05,2.25,0,0,0
0,24.1,22.05,2.25,0,0,0
0,24.3,22.05,2.25,0,0,0
0,24.5,22.05,2.25,0,0,0
0,24.7,22.05,2.25,0,0,0
0,24.9,22.05,2.25,0,0,0
0,25.1,22.05,2.25,0,0,0
0,25.3,22.05,2.25,0,0,0
0,25.5,22.05,2.25,0,0,0
0,25.7,22.05,2.25,0,0,0
0,30.9,22.05,2.25,0,0,0
0,31.1,22.05,2.25,0,0,0
0,31.3,22.05,2.25,0,0,0
0,31.5,22.05,2.25,0,0,0
0,31.7,22.05,2.25,0,0,0
0,15.3,22.75,2.25,0,0,0
0,15.5,22.75,2.25,0,0,0
0,15.7,22.75,2.25,0,0,0
0,15.9,22.75,2.25,0,0,0
0,17.1,22.75,2.25,0,0,0
0,17.3,22.75,2.25,0,0,0
0,17.5,22.75,2.25,0,0,0
0,17.7,22.75,2.25,0,0,0
0,17.9,22.75,2.25,0,0,0
0,18.1,22.75,2.25,0,0,0
0,22.9,22.75,2.25,0,0,0
0,23.1,22.75,2.25,0,0,0
0,23.3,22.75,2.25,0,0,0
0,23.5,22.75,2.25,0,0,0
0,23.7,22.75,2.25,0,0,0
0,23.9,22.75,2.25,0,0,0
0,24.1,22.75,2.25,0,0,0
0,24.3,22.75,2.25,0,0,0
0,24.5,22.75,2.25,0,0,0
0,24.7,22.75,2.25,0,0,0
0,24.9,22.75,2.25,0,0,0
0,25.1,22.75,2.25,0,0,0
0,25.3,22.75,2.25,0,0,0
0,25.5,22.75,2.25,0,0,0
0,25.7,22.75,2.25,0,0,0
0,30.9,22.75,2.25,0,0,0
0,31.1,22.75,2.25,0,0,0
0,31.3,22.75,2.25,0,0,0
0,31.5,22.75,2.25,0,0,0
0,31.7,22.75,2.25,0,0,0
0,20.7,7.35,3.15,0,0,0
0,20.9,7.35,3.15,0,0,0
0,21.1,7.35,3.15,0,0,0
0,21.3,7.35,3.15,0,0,0
0,21.5,7.35,3.15,0,0,0
0,26.7,7.35,3.15,0,0,0
0,26.9,7.35,3.15,0,0,0
0,27.1,7.35,3.15,0,0,0
0,27.3,7.35,3.15,0,0,0
0,30.9,7.35,3.15,0,0,0
0,31.1,7.35,3.15,0,0,0
0,31.3,7.35,3.15,0,0,0
0,31.5,7.35,3.15,0,0,0
0,20.7,8.05,3.15,0,0,0
0,20.9,8.05,3.15,0,0,0
0,21.1,8.05,3.15,0,0,0
0,21.3,8.05,3.15,0,0,0
0,21.5,8.05,3.15,0,0,0
0,26.7,8.05,3.15,0,0,0
0,26.9,8.05,3.15,0,0,0
0,27.1,8.05,3.15,0,0,0
0,27.3,8.05,3.15,0,0,0
0,30.7,8.05,3.15,0,0,0
0,30.9,8.05,3.15,0,0,0
0,31.1,8.05,3.15,0,0,0
0,31.3,8.05,3.15,0,0,0
0,20.7,8.75,3.15,0,0,0
0,20.9,8.75,3.15,0,0,0
0,21.1,8.75,3.15,0,0,0
0,21.3,8.75,3.15,0,0,0
0,21.5,8.75,3.15,0,0,0
0,26.7,8.75,3.15,0,0,0
0,26.9,8.75,3.15,0,0,0
0,27.1,8.75,3.15,0,0,0
0,27.3,8.75,3.15,0,0,0
0,30.5,8.75,3.15,0,0,0
0,30.7,8.75,3.15,0,0,0
0,30.9,8.75,3.15,0,0,0
0,31.1,8.75,3.15,0,0,0
0,31.3,8.75,3.15,0,0,0
0,20.7,9.45,3.15,0,0,0
0,20.9,9.45,3.15,0,0,0
0,21.1,9.45,3.15,0,0,0
0,21.3,9.45,3.15,0,0,0
0,21.5,9.45,3.15,0,0,0
0,26.7,9.45,3.15,0,0,0
0,26.9,9.45,3.15,0,0,0
0,27.1,9.45,3.15,0,0,0
0,27.3,9.45,3.15,0,0,0
0,27.5,9.45,3.15,0,0,0
0,29.7,9.45,3.15,0,0,0
0,29.9,9.45,3.15,0,0,0
0,30.1,9.45,3.15,0,0,0
0,30.3,9.45,3.15,0,0,0
0,30.5,9.45,3.15,0,0,0
0,30.7,9.45,3.15,0,0,0
0,30.9,9.45,3.15,0,0,0
0,31.1,9.45,3.15,0,0,0
0,20.7,10.15,3.15,0,0,0
0,20.9,10.15,3.15,0,0,0
0,21.1,10.15,3.15,0,0,0
0,21.3,10.15,3.15,0,0,0
0,21.5,10.15,3.15,0,0,0
0,21.7,10.15,3.15,0,0,0
0,26.7,10.15,3.15,0,0,0
0,26.9,10.15,3.15,0,0,0
0,27.1,10.15,3.15,0,0,0
0,27.3,10.15,3.15,0,0,0
0,27.5,10.15,3.15,0,0,0
0,28.9,10.15,3.15,0,0,0
0,29.1,10.15,3.15,0,0,0
0,29.3,10.15,3.15,0,0,0
0,29.5,10.15,3.15,0,0,0
0,29.7,10.15,3.15,0,0,0
0,29.9,10.15,3.15,0,0,0
0,30.1,10.15,3.15,0,0,0
0,30.3,10.15,3.15,0,0,0
0,30.5,10.15,3.15,0,0,0
0,21.1,10.85,3.15,0,0,0
0,21.3,10.85,3.15,0,0,0
0,21.5,10.85,3.15,0,0,0
0,21.7,10.85,3.15,0,0,0
0,21.9,10.85,3.15,0,0,0
0,22.1,10.85,3.15,0,0,0
0,26.1,10.85,3.15,0,0,0
0,26.3,10.85,3.15,0,0,0
0,26.5,10.85,3.15,0,0,0
0,26.7,10.85,3.15,0,0,0
0,26.9,10.85,3.15,0,0,0
0,27.1,10.85,3.15,0,0,0
0,27.3,10.85,3.15,0,0,0
0,27.5,10.85,3.15,0,0,0
0,28.3,10.85,3.15,0,0,0
0,28.5,10.85,3.15,0,0,0
0,28.7,10.85,3.15,0,0,0
0,28.9,10.85,3.15,0,0,0
0,29.1,10.85,3.15,0,0,0
0,29.3,10.85,3.15,0,0,0
0,29.5,10.85,3.15,0,0,0
0,29.7,10.85,3.15,0,0,0
0,21.5,11.55,3.15,0,0,0
0,21.7,11.55,3.15,0,0,0
0,21.9,11.55,3.15,0,0,0
0,22.1,11.55,3.15,0,0,0
0,22.3,11.55,3.15,0,0,0
0,22.5,11.55,3.15,0,0,0
0,25.3,11.55,3.15,0,0,0
0,25.5,11.55,3.15,0,0,0
0,25.7,11.55,3.15,0,0,0
0,25.9,11.55,3.15,0,0,0
0,26.1,11.55,3.15,0,0,0
0,26.3,11.55,3.15,0,0,0
0,26.5,11.55,3.15,0,0,0
0,26.7,11.55,3.15,0,0,0
0,26.9,11.55,3.15,0,0,0
0,28.3,11.55,3.15,0,0,0
0,28.5,11.55,3.15,0,0,0
0,28.7,11.55,3.15,0,0,0
0,28.9,11.55,3.15,0,0,0
0,29.1,11.55,3.15,0,0,0
0,22.1,12.25,3.15,0,0,0
0,22.3,12.25,3.15,0,0,0
0,22.5,12.25,3.15,0,0,0
0,22.7,12.25,3.15,0,0,0
0,24.7,12.25,3.15,0,0,0
0,24.9,12.25,3.15,0,0,0
0,25.1,12.25,3.15,0,0,0
0,25.3,12.25,3.15,0,0,0
0,25.5,12.25,3.15,0,0,0
0,25.7,12.25,3.15,0,0,0
0,25.9,12.25,3.15,0,0,0
0,26.1,12.25,3.15,0,0,0
0,26.3,12.25,3.15,0,0,0
0,28.5,12.25,3.15,0,0,0
0,28.7,12.25,3.15,0,0,0
0,28.9,12.25,3.15,0,0,0
0,29.1,12.25,3.15,0,0,0
0,29.3,12.25,3.15,0,0,0
0,29.5,12.25,3.15,0,0,0
0,22.3,12.95,3.15,0,0,0
0,22.5,12.95,3.15,0,0,0
0,22.7,12.95,3.15,0,0,0
0,22.9,12.95,3.15,0,0,0
0,24.3,12.95,3.15,0,0,0
0,24.5,12.95,3.15,0,0,0
0,24.7,12.95,3.15,0,0,0
0,24.9,12.95,3.15,0,0,0
0,25.1,12.95,3.15,0,0,0
0,25.3,12.95,3.15,0,0,0
0,28.9,12.95,3.15,0,0,0
0,29.1,12.95,3.15,0,0,0
0,29.3,12.95,3.15,0,0,0
0,29.5,12.95,3.15,0,0,0
0,29.7,12.95,3.15,0,0,0
0,29.9,12.95,3.15,0,0,0
0,30.1,12.95,3.15,0,0,0
0,22.3,13.65,3.15,0,0,0
0,22.5,13.65,3.15,0,0,0
0,22.7,13.65,3.15,0,0,0
0,22.9,13.65,3.15,0,0,0
0,24.3,13.65,3.15,0,0,0
0,24.5,13.65,3.15,0,0,0
0,24.7,13.65,3.15,0,0,0
0,24.9,13.65,3.15,0,0,0
0,29.5,13.65,3.15,0,0,0
0,29.7,13.65,3.15,0,0,0
0,29.9,13.65,3.15,0,0,0
0,30.1,13.65,3.15,0,0,0
0,30.3,13.65,3.15,0,0,0
0,30.5,13.65,3.15,0,0,0
0,30.7,13.65,3.15,0,0,0
0,13.9,14.35,3.15,0,0,0
0,14.1,14.35,3.15,0,0,0
0,14.3,14.35,3.15,0,0,0
0,14.5,14.35,3.15,0,0,0
0,14.7,14.35,3.15,0,0,0
0,14.9,14.35,3.15,0,0,0
0,15.1,14.35,3.15,0,0,0
0,15.3,14.35,3.15,0,0,0
0,15.5,14.35,3.15,0,0,0
0,15.7,14.35,3.15,0,0,0
0,15.9,14.35,3.15,0,0,0
0,16.1,14.35,3.15,0,0,0
0,16.3,14.35,3.15,0,0,0
0,16.5,14.35,3.15,0,0,0
0,16.7,14.35,3.15,0,0,0
0,16.9,14.35,3.15,0,0,0
0,17.1,14.35,3.15,0,0,0
0,21.9,14.35,3.15,0,0,0
0,22.1,14.35,3.15,0,0,0
0,22.3,14.35,3.15,0,0,0
0,22.5,14.35,3.15,0,0,0
0,22.7,14.35,3.15,0,0,0
0,22.9,14.35,3.15,0,0,0
0,24.3,14.35,3.15,0,0,0
0,24.5,14.35,3.15,0,0,0
0,24.7,14.35,3.15,0,0,0
0,24.9,14.35,3.15,0,0,0
0,30.1,14.35,3.15,0,0,0
0,30.3,14.35,3.15,0,0,0
0,30.5,14.35,3.15,0,0,0
0,30.7,14.35,3.15,0,0,0
0,30.9,14.35,3.15,0,0,0
0,13.9,15.05,3.15,0,0,0
0,14.1,15.05,3.15,0,0,0
0,14.3,15.05,3.15,0,0,0
0,14.5,15.05,3.15,0,0,0
0,14.7,15.05,3.15,0,0,0
0,14.9,15.05,3.15,0,0,0
0,15.1,15.05,3.15,0,0,0
0,15.3,15.05,3.15,0,0,0
0,15.5,15.05,3.15,0,0,0
0,15.7,15.05,3.15,0,0,0
0,15.9,15.05,3.15,0,0,0
0,16.1,15.05,3.15,0,0,0
0,16.3,15.05,3.15,0,0,0
0,16.5,15.05,3.15,0,0,0
0,16.7,15.05,3.15,0,0,0
0,16.9,15.05,3.15,0,0,0
0,17.1,15.05,3.15,0,0,0
0,17.3,15.05,3.15,0,0,0
0,17.5,15.05,3.15,0,0,0
0,17.7,15.05,3.15,0,0,0
0,17.9,15.05,3.15,0,0,0
0,20.5,15.05,3.15,0,0,0
0,20.7,15.05,3.15,0,0,0
0,20.9,15.05,3.15,0,0,0
0,21.1,15.05,3.15,0,0,0
0,21.3,15.05,3.15,0,0,0
0,21.5,15.05,3.15,0,0,0
0,21.7,15.05,3.15,0,0,0
0,21.9,15.05,3.15,0,0,0
0,22.1,15.05,3.15,0,0,0
0,22.3,15.05,3.15,0,0,0
0,22.5,15.05,3.15,0,0,0
0,24.3,15.05,3.15,0,0,0
0,24.5,15.05,3.15,0,0,0
0,24.7,15.05,3.15,0,0,0
0,24.9,15.05,3.15,0,0,0
0,30.3,15.05,3.15,0,0,0
0,30.5,15.05,3.15,0,0,0
0,30.7,15.05,3.15,0,0,0
0,30.9,15.05,3.15,0,0,0
0,31.1,15.05,3.15,0,0,0
0,16.7,15.75,3.15,0,0,0
0,16.9,15.75,3.15,0,0,0
0,17.1,15.75,3.15,0,0,0
0,17.3,15.75,3.15,0,0,0
0,17.5,15.75,3.15,0,0,0
0,17.7,15.75,3.15,0,0,0
0,17.9,15.75,3.15,0,0,0
0,18.1,15.75,3.15,0,0,0
0,18.3,15.75,3.15,0,0,0
0,19.1,15.75,3.15,0,0,0
0,19.3,15.75,3.15,0,0,0
0,19.5,15.75,3.15,0,0,0
0,19.7,15.75,3.15,0,0,0
0,19.9,15.75,3.15,0,0,0
0,20.1,15.75,3.15,0,0,0
0,20.3,15.75,3.15,0,0,0
0,20.5,15.75,3.15,0,0,0
0,20.7,15.75,3.15,0,0,0
0,20.9,15.75,3.15,0,0,0
0,21.1,15.75,3.15,0,0,0
0,21.3,15.75,3.15,0,0,0
0,24.1,15.75,3.15,0,0,0
0,24.3,15.75,3.15,0,0,0
0,24.5,15.75,3.15,0,0,0
0,24.7,15.75,3.15,0,0,0
0,24.9,15.75,3.15,0,0,0
0,30.3,15.75,3.15,0,0,0
0,30.5,15.75,3.15,0,0,0
0,30.7,15.75,3.15,0,0,0
0,30.9,15.75,3.15,0,0,0
0,31.1,15.75,3.15,0,0,0
0,17.3,16.45,3.15,0,0,0
0,17.5,16.45,3.15,0,0,0
0,17.7,16.45,3.15,0,0,0
0,17.9,16.45,3.15,0,0,0
0,18.1,16.45,3.15,0,0,0
0,18.3,16.45,3.15,0,0,0
0,18.5,16.45,3.15,0,0,0
0,18.7,16.45,3.15,0,0,0
0,18.9,16.45,3.15,0,0,0
0,19.1,16.45,3.15,0,0,0
0,19.3,16.45,3.15,0,0,0
0,19.5,16.45,3.15,0,0,0
0,19.7,16.45,3.15,0,0,0
0,19.9,16.45,3.15,0,0,0
0,20.1,16.45,3.15,0,0,0
0,23.7,16.45,3.15,0,0,0
0,23.9,16.45,3.15,0,0,0
0,24.1,16.45,3.15,0,0,0
0,24.3,16.45,3.15,0,0,0
0,24.5,16.45,3.15,0,0,0
0,24.7,16.45,3.15,0,0,0
0,30.1,16.45,3.15,0,0,0
0,30.3,16.45,3.15,0,0,0
0,30.5,16.45,3.15,0,0,0
0,30.7,16.45,3.15,0,0,0
0,30.9,16.45,3.15,0,0,0
0,17.5,17.15,3.15,0,0,0
0,17.7,17.15,3.15,0,0,0
0,17.9,17.15,3.15,0,0,0
0,18.1,17.15,3.15,0,0,0
0,18.3,17.15,3.15,0,0,0
0,18.5,17.15,3.15,0,0,0
0,18.7,17.15,3.15,0,0,0
0,18.9,17.15,3.15,0,0,0
0,19.1,17.15,3.15,0,0,0
0,19.3,17.15,3.15,0,0,0
0,19.5,17.15,3.15,0,0,0
0,19.7,17.15,3.15,0,0,0
0,23.5,17.15,3.15,0,0,0
0,23.7,17.15,3.15,0,0,0
0,23.9,17.15,3.15,0,0,0
0,24.1,17.15,3.15,0,0,0
0,24.3,17.15,3.15,0,0,0
0,30.1,17.15,3.15,0,0,0
0,30.3,17.15,3.15,0,0,0
0,30.5,17.15,3.15,0,0,0
0,30.7,17.15,3.15,0,0,0
0,30.9,17.15,3.15,0,0,0
0,17.5,17.85,3.15,0,0,0
0,17.7,17.85,3.15,0,0,0
0,17.9,17.85,3.15,0,0,0
0,18.1,17.85,3.15,0,0,0
0,18.3,17.85,3.15,0,0,0
0,18.5,17.85,3.15,0,0,0
0,18.7,17.85,3.15,0,0,0
0,18.9,17.85,3.15,0,0,0
0,19.1,17.85,3.15,0,0,0
0,19.3,17.85,3.15,0,0,0
0,19.5,17.85,3.15,0,0,0
0,19.7,17.85,3.15,0,0,0
0,23.5,17.85,3.15,0,0,0
0,23.7,17.85,3.15,0,0,0
0,23.9,17.85,3.15,0,0,0
0,24.1,17.85,3.15,0,0,0
0,24.3,17.85,3.15,0,0,0
0,30.1,17.85,3.15,0,0,0
0,30.3,17.85,3.15,0,0,0
0,30.5,17.85,3.15,0,0,0
0,30.7,17.85,3.15,0,0,0
0,30.9,17.85,3.15,0,0,0
0,17.3,18.55,3.15,0,0,0
0,17.5,18.55,3.15,0,0,0
0,17.7,18.55,3.15,0,0,0
0,17.9,18.55,3.15,0,0,0
0,18.1,18.55,3.15,0,0,0
0,18.3,18.55,3.15,0,0,0
0,18.5,18.55,3.15,0,0,0
0,18.7,18.55,3.15,0,0,0
0,18.9,18.55,3.15,0,0,0
0,19.1,18.55,3.15,0,0,0
0,19.3,18.55,3.15,0,0,0
0,19.5,18.55,3.15,0,0,0
0,19.7,18.55,3.15,0,0,0
0,23.5,18.55,3.15,0,0,0
0,23.7,18.55,3.15,0,0,0
0,23.9,18.55,3.15,0,0,0
0,24.1,18.55,3.15,0,0,0
0,24.3,18.55,3.15,0,0,0
0,24.5,18.55,3.15,0,0,0
0,24.7,18.55,3.15,0,0,0
0,24.9,18.55,3.15,0,0,0
0,25.1,18.55,3.15,0,0,0
0,29.9,18.55,3.15,0,0,0
0,30.1,18.55,3.15,0,0,0
0,30.3,18.55,3.15,0,0,0
0,30.5,18.55,3.15,0,0,0
0,30.7,18.55,3.15,0,0,0
0,30.9,18.55,3.15,0,0,0
0,17.1,19.25,3.15,0,0,0
0,17.3,19.25,3.15,0,0,0
0,17.5,19.25,3.15,0,0,0
0,17.7,19.25,3.15,0,0,0
0,17.9,19.25,3.15,0,0,0
0,18.1,19.25,3.15,0,0,0
0,18.3,19.25,3.15,0,0,0
0,18.5,19.25,3.15,0,0,0
0,18.7,19.25,3.15,0,0,0
0,18.9,19.25,3.15,0,0,0
0,19.1,19.25,3.15,0,0,0
0,19.3,19.25,3.15,0,0,0
0,19.5,19.25,3.15,0,0,0
0,19.7,19.25,3.15,0,0,0
0,23.7,19.25,3.15,0,0,0
0,23.9,19.25,3.15,0,0,0
0,24.1,19.25,3.15,0,0,0
0,24.3,19.25,3.15,0,0,0
0,24.5,19.25,3.15,0,0,0
0,24.7,19.25,3.15,0,0,0
0,24.9,19.25,3.15,0,0,0
0,25.1,19.25,3.15,0,0,0
0,25.3,19.25,3.15,0,0,0
0,25.5,19.25,3.15,0,0,0
0,25.7,19.25,3.15,0,0,0
0,25.9,19.25,3.15,0,0,0
0,26.1,19.25,3.15,0,0,0
0,26.3,19.25,3.15,0,0,0
0,26.5,19.25,3.15,0,0,0
0,26.7,19.25,3.15,0,0,0
0,26.9,19.25,3.15,0,0,0
0,29.9,19.25,3.15,0,0,0
0,30.1,19.25,3.15,0,0,0
0,30.3,19.25,3.15,0,0,0
0,30.5,19.25,3.15,0,0,0
0,30.7,19.25,3.15,0,0,0
0,30.9,19.25,3.15,0,0,0
0,16.3,19.95,3.15,0,0,0
0,16.5,19.95,3.15,0,0,0
0,16.7,19.95,3.15,0,0,0
0,16.9,19.95,3.15,0,0,0
0,17.1,19.95,3.15,0,0,0
0,17.3,19.95,3.15,0,0,0
0,17.5,19.95,3.15,0,0,0
0,17.7,19.95,3.15,0,0,0
0,17.9,19.95,3.15,0,0,0
0,18.9,19.95,3.15,0,0,0
0,19.1,19.95,3.15,0,0,0
0,19.3,19.95,3.15,0,0,0
0,19.5,19.95,3.15,0,0,0
0,19.7,19.95,3.15,0,0,0
0,24.7,19.95,3.15,0,0,0
0,24.9,19.95,3.15,0,0,0
0,25.1,19.95,3.15,0,0,0
0,25.3,19.95,3.15,0,0,0
0,25.5,19.95,3.15,0,0,0
0,25.7,19.95,3.15,0,0,0
0,25.9,19.95,3.15,0,0,0
0,26.1,19.95,3.15,0,0,0
0,26.3,19.95,3.15,0,0,0
0,26.5,19.95,3.15,0,0,0
0,26.7,19.95,3.15,0,0,0
0,26.9,19.95,3.15,0,0,0
0,27.1,19.95,3.15,0,0,0
0,27.3,19.95,3.15,0,0,0
0,29.9,19.95,3.15,0,0,0
0,30.1,19.95,3.15,0,0,0
0,30.3,19.95,3.15,0,0,0
0,30.5,19.95,3.15,0,0,0
0,30.7,19.95,3.15,0,0,0
0,30.9,19.95,3.15,0,0,0
0,15.9,20.65,3.15,0,0,0
0,16.1,20.65,3.15,0,0,0
0,16.3,20.65,3.15,0,0,0
0,16.5,20.65,3.15,0,0,0
0,16.7,20.65,3.15,0,0,0
0,16.9,20.65,3.15,0,0,0
0,17.1,20.65,3.15,0,0,0
0,18.3,20.65,3.15,0,0,0
0,18.5,20.65,3.15,0,0,0
0,18.7,20.65,3.15,0,0,0
0,18.9,20.65,3.15,0,0,0
0,19.1,20.65,3.15,0,0,0
0,19.3,20.65,3.15,0,0,0
0,19.5,20.65,3.15,0,0,0
0,25.3,20.65,3.15,0,0,0
0,25.5,20.65,3.15,0,0,0
0,25.7,20.65,3.15,0,0,0
0,25.9,20.65,3.15,0,0,0
0,26.1,20.65,3.15,0,0,0
0,26.3,20.65,3.15,0,0,0
0,26.5,20.65,3.15,0,0,0
0,26.7,20.65,3.15,0,0,0
0,26.9,20.65,3.15,0,0,0
0,27.1,20.65,3.15,0,0,0
0,27.3,20.65,3.15,0,0,0
0,29.9,20.65,3.15,0,0,0
0,30.1,20.65,3.15,0,0,0
0,30.3,20.65,3.15,0,0,0
0,30.5,20.65,3.15,0,0,0
0,30.7,20.65,3.15,0,0,0
0,30.9,20.65,3.15,0,0,0
0,15.7,21.35,3.15,0,0,0
0,15.9,21.35,3.15,0,0,0
0,16.1,21.35,3.15,0,0,0
0,16.3,21.35,3.15,0,0,0
0,16.5,21.35,3.15,0,0,0
0,16.7,21.35,3.15,0,0,0
0,16.9,21.35,3.15,0,0,0
0,17.1,21.35,3.15,0,0,0
0,17.3,21.35,3.15,0,0,0
0,17.5,21.35,3.15,0,0,0
0,17.7,21.35,3.15,0,0,0
0,17.9,21.35,3.15,0,0,0
0,18.1,21.35,3.15,0,0,0
0,18.3,21.35,3.15,0,0,0
0,18.5,21.35,3.15,0,0,0
0,18.7,21.35,3.15,0,0,0
0,18.9,21.35,3.15,0,0,0
0,19.1,21.35,3.15,0,0,0
0,25.7,21.35,3.15,0,0,0
0,25.9,21.35,3.15,0,0,0
0,26.1,21.35,3.15,0,0,0
0,26.3,21.35,3.15,0,0,0
0,26.5,21.35,3.15,0,0,0
0,26.7,21.35,3.15,0,0,0
0,26.9,21.35,3.15,0,0,0
0,27.1,21.35,3.15,0,0,0
0,27.3,21.35,3.15,0,0,0
0,29.9,21.35,3.15,0,0,0
0,30.1,21.35,3.15,0,0,0
0,30.3,21.35,3.15,0,0,0
0,30.5,21.35,3.15,0,0,0
0,30.7,21.35,3.15,0,0,0
0,30.9,21.35,3.15,0,0,0
0,15.7,22.05,3.15,0,0,0
0,15.9,22.05,3.15,0,0,0
0,16.1,22.05,3.15,0,0,0
0,16.3,22.05,3.15,0,0,0
0,16.5,22.05,3.15,0,0,0
0,16.7,22.05,3.15,0,0,0
0,16.9,22.05,3.15,0,0,0
0,17.1,22.05,3.15,0,0,0
0,17.3,22.05,3.15,0,0,0
0,17.5,22.05,3.15,0,0,0
0,17.7,22.05,3.15,0,0,0
0,17.9,22.05,3.15,0,0,0
0,18.1,22.05,3.15,0,0,0
0,25.7,22.05,3.15,0,0,0
0,25.9,22.05,3.15,0,0,0
0,26.1,22.05,3.15,0,0,0
0,26.3,22.05,3.15,0,0,0
0,26.5,22.05,3.15,0,0,0
0,26.7,22.05,3.15,0,0,0
0,26.9,22.05,3.15,0,0,0
0,27.1,22.05,3.15,0,0,0
0,27.3,22.05,3.15,0,0,0
0,29.9,22.05,3.15,0,0,0
0,30.1,22.05,3.15,0,0,0
0,30.3,22.05,3.15,0,0,0
0,30.5,22.05,3.15,0,0,0
0,30.7,22.05,3.15,0,0,0
0,30.9,22.05,3.15,0,0,0
0,15.9,22.75,3.15,0,0,0
0,16.1,22.75,3.15,0,0,0
0,16.3,22.75,3.15,0,0,0
0,16.5,22.75,3.15,0,0,0
0,16.7,22.75,3.15,0,0,0
0,16.9,22.75,3.15,0,0,0
0,17.1,22.75,3.15,0,0,0
0,17.3,22.75,3.15,0,0,0
0,25.7,22.75,3.15,0,0,0
0,25.9,22.75,3.15,0,0,0
0,26.1,22.75,3.15,0,0,0
0,26.3,22.75,3.15,0,0,0
0,26.5,22.75,3.15,0,0,0
0,26.7,22.75,3.15,0,0,0
0,26.9,22.75,3.15,0,0,0
0,27.1,22.75,3.15,0,0,0
0,27.3,22.75,3.15,0,0,0
0,29.9,22.75,3.15,0,0,0
0,30.1,22.75,3.15,0,0,0
0,30.3,22.75,3.15,0,0,0
0,30.5,22.75,3.15,0,0,0
0,30.7,22.75,3.15,0,0,0
0,30.9,22.75,3.15,0,0,0
0,13.9,7.35,4.05,0,0,0
0,14.1,7.35,4.05,0,0,0
0,14.3,7.35,4.05,0,0,0
0,14.5,7.35,4.05,0,0,0
0,14.7,7.35,4.05,0,0,0
0,14.9,7.35,4.05,0,0,0
0,15.1,7.35,4.05,0,0,0
0,15.3,7.35,4.05,0,0,0
0,15.5,7.35,4.05,0,0,0
0,15.7,7.35,4.05,0,0,0
0,15.9,7.35,4.05,0,0,0
0,16.1,7.35,4.05,0,0,0
0,16.3,7.35,4.05,0,0,0
0,16.5,7.35,4.05,0,0,0
0,16.7,7.35,4.05,0,0,0
0,16.9,7.35,4.05,0,0,0
0,17.1,7.35,4.05,0,0,0
0,17.3,7.35,4.05,0,0,0
0,17.5,7.35,4.05,0,0,0
0,17.7,7.35,4.05,0,0,0
0,17.9,7.35,4.05,0,0,0
0,18.1,7.35,4.05,0,0,0
0,18.3,7.35,4.05,0,0,0
0,18.5,7.35,4.05,0,0,0
0,18.7,7.35,4.05,0,0,0
0,18.9,7.35,4.05,0,0,0
0,19.1,7.35,4.05,0,0,0
0,19.3,7.35,4.05,0,0,0
0,19.5,7.35,4.05,0,0,0
0,19.7,7.35,4.05,0,0,0
0,19.9,7.35,4.05,0,0,0
0,20.1,7.35,4.05,0,0,0
0,20.3,7.35,4.05,0,0,0
0,20.5,7.35,4.05,0,0,0
0,20.7,7.35,4.05,0,0,0
0,27.3,7.35,4.05,0,0,0
0,27.5,7.35,4.05,0,0,0
0,27.7,7.35,4.05,0,0,0
0,27.9,7.35,4.05,0,0,0
0,28.1,7.35,4.05,0,0,0
0,30.1,7.35,4.05,0,0,0
0,30.3,7.35,4.05,0,0,0
0,30.5,7.35,4.05,0,0,0
0,30.7,7.35,4.05,0,0,0
0,30.9,7.35,4.05,0,0,0
0,13.9,8.05,4.05,0,0,0
0,14.1,8.05,4.05,0,0,0
0,14.3,8.05,4.05,0,0,0
0,14.5,8.05,4.05,0,0,0
0,14.7,8.05,4.05,0,0,0
0,14.9,8.05,4.05,0,0,0
0,15.1,8.05,4.05,0,0,0
0,15.3,8.05,4.05,0,0,0
0,15.5,8.05,4.05,0,0,0
0,15.7,8.05,4.05,0,0,0
0,15.9,8.05,4.05,0,0,0
0,16.1,8.05,4.05,0,0,0
0,16.3,8.05,4.05,0,0,0
0,16.5,8.05,4.05,0,0,0
0,16.7,8.05,4.05,0,0,0
0,16.9,8.05,4.05,0,0,0
0,17.1,8.05,4.05,0,0,0
0,17.3,8.05,4.05,0,0,0
0,17.5,8.05,4.05,0,0,0
0,17.7,8.05,4.05,0,0,0
0,17.9,8.05,4.05,0,0,0
0,18.1,8.05,4.05,0,0,0
0,18.3,8.05,4.05,0,0,0
0,18.5,8.05,4.05,0,0,0
0,18.7,8.05,4.05,0,0,0
0,18.9,8.05,4.05,0,0,0
0,19.1,8.05,4.05,0,0,0
0,19.3,8.05,4.05,0,0,0
0,19.5,8.05,4.05,0,0,0
0,19.7,8.05,4.05,0,0,0
0,19.9,8.05,4.05,0,0,0
0,20.1,8.05,4.05,0,0,0
0,20.3,8.05,4.05,0,0,0
0,20.5,8.05,4.05,0,0,0
0,20.7,8.05,4.05,0,0,0
0,27.3,8.05,4.05,0,0,0
0,27.5,8.05,4.05,0,0,0
0,27.7,8.05,4.05,0,0,0
0,27.9,8.05,4.05,0,0,0
0,28.1,8.05,4.05,0,0,0
0,30.1,8.05,4.05,0,0,0
0,30.3,8.05,4.05,0,0,0
0,30.5,8.05,4.05,0,0,0
0,30.7,8.05,4.05,0,0,0
0,30.9,8.05,4.05,0,0,0
0,13.9,8.75,4.05,0,0,0
0,14.1,8.75,4.05,0,0,0
0,14.3,8.75,4.05,0,0,0
0,14.5,8.75,4.05,0,0,0
0,14.7,8.75,4.05,0,0,0
0,14.9,8.75,4.05,0,0,0
0,15.1,8.75,4.05,0,0,0
0,15.3,8.75,4.05,0,0,0
0,15.5,8.75,4.05,0,0,0
0,15.7,8.75,4.05,0,0,0
0,15.9,8.75,4.05,0,0,0
0,16.1,8.75,4.05,0,0,0
0,16.3,8.75,4.05,0,0,0
0,16.5,8.75,4.05,0,0,0
0,16.7,8.75,4.05,0,0,0
0,16.9,8.75,4.05,0,0,0
0,17.1,8.75,4.05,0,0,0
0,17.3,8.75,4.05,0,0,0
0,17.5,8.75,4.05,0,0,0
0,17.7,8.75,4.05,0,0,0
0,17.9,8.75,4.05,0,0,0
0,18.1,8.75,4.05,0,0,0
0,18.3,8.75,4.05,0,0,0
0,18.5,8.75,4.05,0,0,0
0,18.7,8.75,4.05,0,0,0
0,18.9,8.75,4.05,0,0,0
0,19.1,8.75,4.05,0,0,0
0,19.3,8.75,4.05,0,0,0
0,19.5,8.75,4.05,0,0,0
0,19.7,8.75,4.05,0,0,0
0,19.9,8.75,4.05,0,0,0
0,20.1,8.75,4.05,0,0,0
0,20.3,8.75,4.05,0,0,0
0,20.5,8.75,4.05,0,0,0
0,20.7,8.75,4.05,0,0,0
0,27.3,8.75,4.05,0,0,0
0,27.5,8.75,4.05,0,0,0
0,27.7,8.75,4.05,0,0,0
0,27.9,8.75,4.05,0,0,0
0,28.1,8.75,4.05,0,0,0
0,28.3,8.75,4.05,0,0,0
0,29.7,8.75,4.05,0,0,0
0,29.9,8.75,4.05,0,0,0
0,30.1,8.75,4.05,0,0,0
0,30.3,8.75,4.05,0,0,0
0,30.5,8.75,4.05,0,0,0
0,30.7,8.75,4.05,0,0,0
0,13.9,9.45,4.05,0,0,0
0,14.1,9.45,4.05,0,0,0
0,14.3,9.45,4.05,0,0,0
0,14.5,9.45,4.05,0,0,0
0,14.7,9.45,4.05,0,0,0
0,14.9,9.45,4.05,0,0,0
0,15.1,9.45,4.05,0,0,0
0,15.3,9.45,4.05,0,0,0
0,15.5,9.45,4.05,0,0,0
0,15.7,9.45,4.05,0,0,0
0,15.9,9.45,4.05,0,0,0
0,16.1,9.45,4.05,0,0,0
0,16.3,9.45,4.05,0,0,0
0,16.5,9.45,4.05,0,0,0
0,16.7,9.45,4.05,0,0,0
0,16.9,9.45,4.05,0,0,0
0,17.1,9.45,4.05,0,0,0
0,17.3,9.45,4.05,0,0,0
0,17.5,9.45,4.05,0,0,0
0,17.7,9.45,4.05,0,0,0
0,17.9,9.45,4.05,0,0,0
0,18.1,9.45,4.05,0,0,0
0,18.3,9.45,4.05,0,0,0
0,18.5,9.45,4.05,0,0,0
0,18.7,9.45,4.05,0,0,0
0,18.9,9.45,4.05,0,0,0
0,19.1,9.45,4.05,0,0,0
0,19.3,9.45,4.05,0,0,0
0,19.5,9.45,4.05,0,0,0
0,19.7,9.45,4.05,0,0,0
0,19.9,9.45,4.05,0,0,0
0,20.1,9.45,4.05,0,0,0
0,20.3,9.45,4.05,0,0,0
0,20.5,9.45,4.05,0,0,0
0,20.7,9.45,4.05,0,0,0
0,27.3,9.45,4.05,0,0,0
0,27.5,9.45,4.05,0,0,0
0,27.7,9.45,4.05,0,0,0
0,27.9,9.45,4.05,0,0,0
0,28.1,9.45,4.05,0,0,0
0,28.3,9.45,4.05,0,0,0
0,28.5,9.45,4.05,0,0,0
0,28.7,9.45,4.05,0,0,0
0,28.9,9.45,4.05,0,0,0
0,29.1,9.45,4.05,0,0,0
0,29.3,9.45,4.05,0,0,0
0,29.5,9.45,4.05,0,0,0
0,29.7,9.45,4.05,0,0,0
0,29.9,9.45,4.05,0,0,0
0,30.1,9.45,4.05,0,0,0
0,30.3,9.45,4.05,0,0,0
0,30.5,9.45,4.05,0,0,0
0,13.9,10.15,4.05,0,0,0
0,14.1,10.15,4.05,0,0,0
0,14.3,10.15,4.05,0,0,0
0,14.5,10.15,4.05,0,0,0
0,14.7,10.15,4.05,0,0,0
0,14.9,10.15,4.05,0,0,0
0,15.1,10.15,4.05,0,0,0
0,15.3,10.15,4.05,0,0,0
0,15.5,10.15,4.05,0,0,0
0,15.7,10.15,4.05,0,0,0
0,15.9,10.15,4.05,0,0,0
0,16.1,10.15,4.05,0,0,0
0,16.3,10.15,4.05,0,0,0
0,16.5,10.15,4.05,0,0,0
0,16.7,10.15,4.05,0,0,0
0,16.9,10.15,4.05,0,0,0
0,17.1,10.15,4.05,0,0,0
0,17.3,10.15,4.05,0,0,0
0,17.5,10.15,4.05,0,0,0
0,17.7,10.15,4.05,0,0,0
0,17.9,10.15,4.05,0,0,0
0,18.1,10.15,4.05,0,0,0
0,18.3,10.15,4.05,0,0,0
0,18.5,10.15,4.05,0,0,0
0,18.7,10.15,4.05,0,0,0
0,18.9,10.15,4.05,0,0,0
0,19.1,10.15,4.05,0,0,0
0,19.3,10.15,4.05,0,0,0
0,19.5,10.15,4.05,0,0,0
0,19.7,10.15,4.05,0,0,0
0,19.9,10.15,4.05,0,0,0
0,20.1,10.15,4.05,0,0,0
0,20.3,10.15,4.05,0,0,0
0,20.5,10.15,4.05,0,0,0
0,20.7,10.15,4.05,0,0,0
0,20.9,10.15,4.05,0,0,0
0,21.1,10.15,4.05,0,0,0
0,27.5,10.15,4.05,0,0,0
0,27.7,10.15,4.05,0,0,0
0,27.9,10.15,4.05,0,0,0
0,28.1,10.15,4.05,0,0,0
0,28.3,10.15,4.05,0,0,0
0,28.5,10.15,4.05,0,0,0
0,28.7,10.15,4.05,0,0,0
0,28.9,10.15,4.05,0,0,0
0,29.1,10.15,4.05,0,0,0
0,29.3,10.15,4.05,0,0,0
0,29.5,10.15,4.05,0,0,0
0,29.7,10.15,4.05,0,0,0
0,13.9,10.85,4.05,0,0,0
0,14.1,10.85,4.05,0,0,0
0,14.3,10.85,4.05,0,0,0
0,14.5,10.85,4.05,0,0,0
0,14.7,10.85,4.05,0,0,0
0,14.9,10.85,4.05,0,0,0
0,15.1,10.85,4.05,0,0,0
0,15.3,10.85,4.05,0,0,0
0,15.5,10.85,4.05,0,0,0
0,15.7,10.85,4.05,0,0,0
0,15.9,10.85,4.05,0,0,0
0,16.1,10.85,4.05,0,0,0
0,16.3,10.85,4.05,0,0,0
0,16.5,10.85,4.05,0,0,0
0,16.7,10.85,4.05,0,0,0
0,16.9,10.85,4.05,0,0,0
0,17.1,10.85,4.05,0,0,0
0,17.3,10.85,4.05,0,0,0
0,17.5,10.85,4.05,0,0,0
0,17.7,10.85,4.05,0,0,0
0,17.9,10.85,4.05,0,0,0
0,18.1,10.85,4.05,0,0,0
0,18.3,10.85,4.05,0,0,0
0,18.5,10.85,4.05,0,0,0
0,18.7,10.85,4.05,0,0,0
0,18.9,10.85,4.05,0,0,0
0,19.1,10.85,4.05,0,0,0
0,19.3,10.85,4.05,0,0,0
0,19.5,10.85,4.05,0,0,0
0,19.7,10.85,4.05,0,0,0
0,19.9,10.85,4.05,0,0,0
0,20.1,10.85,4.05,0,0,0
0,20.3,10.85,4.05,0,0,0
0,20.5,10.85,4.05,0,0,0
0,20.7,10.85,4.05,0,0,0
0,20.9,10.85,4.05,0,0,0
0,21.1,10.85,4.05,0,0,0
0,21.3,10.85,4.05,0,0,0
0,21.5,10.85,4.05,0,0,0
0,26.9,10.85,4.05,0,0,0
0,27.1,10.85,4.05,0,0,0
0,27.3,10.85,4.05,0,0,0
0,27.5,10.85,4.05,0,0,0
0,27.7,10.85,4.05,0,0,0
0,27.9,10.85,4.05,0,0,0
0,28.1,10.85,4.05,0,0,0
0,28.3,10.85,4.05,0,0,0
0,28.5,10.85,4.05,0,0,0
0,28.7,10.85,4.05,0,0,0
0,28.9,10.85,4.05,0,0,0
0,13.9,11.55,4.05,0,0,0
0,14.1,11.55,4.05,0,0,0
0,14.3,11.55,4.05,0,0,0
0,14.5,11.55,4.05,0,0,0
0,14.7,11.55,4.05,0,0,0
0,14.9,11.55,4.05,0,0,0
0,15.1,11.55,4.05,0,0,0
0,15.3,11.55,4.05,0,0,0
0,15.5,11.55,4.05,0,0,0
0,15.7,11.55,4.05,0,0,0
0,15.9,11.55,4.05,0,0,0
0,16.1,11.55,4.05,0,0,0
0,16.3,11.55,4.05,0,0,0
0,16.5,11.55,4.05,0,0,0
0,16.7,11.55,4.05,0,0,0
0,16.9,11.55,4.05,0,0,0
0,17.1,11.55,4.05,0,0,0
0,17.3,11.55,4.05,0,0,0
0,17.5,11.55,4.05,0,0,0
0,17.7,11.55,4.05,0,0,0
0,17.9,11.55,4.05,0,0,0
0,18.1,11.55,4.05,0,0,0
0,18.3,11.55,4.05,0,0,0
0,18.5,11.55,4.05,0,0,0
0,18.7,11.55,4.05,0,0,0
0,18.9,11.55,4.05,0,0,0
0,20.9,11.55,4.05,0,0,0
0,21.1,11.55,4.05,0,0,0
0,21.3,11.55,4.05,0,0,0
0,21.5,11.55,4.05,0,0,0
0,21.7,11.55,4.05,0,0,0
0,21.9,11.55,4.05,0,0,0
0,22.1,11.55,4.05,0,0,0
0,26.3,11.55,4.05,0,0,0
0,26.5,11.55,4.05,0,0,0
0,26.7,11.55,4.05,0,0,0
0,26.9,11.55,4.05,0,0,0
0,27.1,11.55,4.05,0,0,0
0,27.3,11.55,4.05,0,0,0
0,27.5,11.55,4.05,0,0,0
0,27.7,11.55,4.05,0,0,0
0,27.9,11.55,4.05,0,0,0
0,28.1,11.55,4.05,0,0,0
0,28.3,11.55,4.05,0,0,0
0,28.5,11.55,4.05,0,0,0
0,13.9,12.25,4.05,0,0,0
0,14.1,12.25,4.05,0,0,0
0,14.3,12.25,4.05,0,0,0
0,14.5,12.25,4.05,0,0,0
0,14.7,12.25,4.05,0,0,0
0,14.9,12.25,4.05,0,0,0
0,15.1,12.25,4.05,0,0,0
0,15.3,12.25,4.05,0,0,0
0,15.5,12.25,4.05,0,0,0
0,15.7,12.25,4.05,0,0,0
0,15.9,12.25,4.05,0,0,0
0,16.1,12.25,4.05,0,0,0
0,16.3,12.25,4.05,0,0,0
0,16.5,12.25,4.05,0,0,0
0,16.7,12.25,4.05,0,0,0
0,16.9,12.25,4.05,0,0,0
0,17.1,12.25,4.05,0,0,0
0,17.3,12.25,4.05,0,0,0
0,17.5,12.25,4.05,0,0,0
0,17.7,12.25,4.05,0,0,0
0,17.9,12.25,4.05,0,0,0
0,18.1,12.25,4.05,0,0,0
0,21.5,12.25,4.05,0,0,0
0,21.7,12.25,4.05,0,0,0
0,21.9,12.25,4.05,0,0,0
0,22.1,12.25,4.05,0,0,0
0,22.3,12.25,4.05,0,0,0
0,25.3,12.25,4.05,0,0,0
0,25.5,12.25,4.05,0,0,0
0,25.7,12.25,4.05,0,0,0
0,25.9,12.25,4.05,0,0,0
0,26.1,12.25,4.05,0,0,0
0,26.3,12.25,4.05,0,0,0
0,26.5,12.25,4.05,0,0,0
0,26.7,12.25,4.05,0,0,0
0,26.9,12.25,4.05,0,0,0
0,27.1,12.25,4.05,0,0,0
0,27.3,12.25,4.05,0,0,0
0,27.5,12.25,4.05,0,0,0
0,27.7,12.25,4.05,0,0,0
0,27.9,12.25,4.05,0,0,0
0,28.1,12.25,4.05,0,0,0
0,28.3,12.25,4.05,0,0,0
0,28.5,12.25,4.05,0,0,0
0,28.7,12.25,4.05,0,0,0
0,28.9,12.25,4.05,0,0,0
0,13.9,12.95,4.05,0,0,0
0,14.1,12.95,4.05,0,0,0
0,14.3,12.95,4.05,0,0,0
0,14.5,12.95,4.05,0,0,0
0,14.7,12.95,4.05,0,0,0
0,14.9,12.95,4.05,0,0,0
0,15.1,12.95,4.05,0,0,0
0,15.3,12.95,4.05,0,0,0
0,15.5,12.95,4.05,0,0,0
0,15.7,12.95,4.05,0,0,0
0,15.9,12.95,4.05,0,0,0
0,16.1,12.95,4.05,0,0,0
0,16.3,12.95,4.05,0,0,0
0,16.5,12.95,4.05,0,0,0
0,16.7,12.95,4.05,0,0,0
0,16.9,12.95,4.05,0,0,0
0,17.1,12.95,4.05,0,0,0
0,17.3,12.95,4.05,0,0,0
0,17.5,12.95,4.05,0,0,0
0,17.7,12.95,4.05,0,0,0
0,17.9,12.95,4.05,0,0,0
0,21.9,12.95,4.05,0,0,0
0,22.1,12.95,4.05,0,0,0
0,22.3,12.95,4.05,0,0,0
0,22.5,12.95,4.05,0,0,0
0,24.9,12.95,4.05,0,0,0
0,25.1,12.95,4.05,0,0,0
0,25.3,12.95,4.05,0,0,0
0,25.5,12.95,4.05,0,0,0
0,25.7,12.95,4.05,0,0,0
0,25.9,12.95,4.05,0,0,0
0,26.1,12.95,4.05,0,0,0
0,26.3,12.95,4.05,0,0,0
0,28.3,12.95,4.05,0,0,0
0,28.5,12.95,4.05,0,0,0
0,28.7,12.95,4.05,0,0,0
0,28.9,12.95,4.05,0,0,0
0,29.1,12.95,4.05,0,0,0
0,29.3,12.95,4.05,0,0,0
0,29.5,12.95,4.05,0,0,0
0,13.9,13.65,4.05,0,0,0
0,14.1,13.65,4.05,0,0,0
0,14.3,13.65,4.05,0,0,0
0,14.5,13.65,4.05,0,0,0
0,14.7,13.65,4.05,0,0,0
0,14.9,13.65,4.05,0,0,0
0,15.1,13.65,4.05,0,0,0
0,15.3,13.65,4.05,0,0,0
0,15.5,13.65,4.05,0,0,0
0,15.7,13.65,4.05,0,0,0
0,15.9,13.65,4.05,0,0,0
0,16.1,13.65,4.05,0,0,0
0,16.3,13.65,4.05,0,0,0
0,16.5,13.65,4.05,0,0,0
0,16.7,13.65,4.05,0,0,0
0,16.9,13.65,4.05,0,0,0
0,17.1,13.65,4.05,0,0,0
0,17.3,13.65,4.05,0,0,0
0,17.5,13.65,4.05,0,0,0
0,17.7,13.65,4.05,0,0,0
0,17.9,13.65,4.05,0,0,0
0,21.9,13.65,4.05,0,0,0
0,22.1,13.65,4.05,0,0,0
0,22.3,13.65,4.05,0,0,0
0,22.5,13.65,4.05,0,0,0
0,24.9,13.65,4.05,0,0,0
0,25.1,13.65,4.05,0,0,0
0,25.3,13.65,4.05,0,0,0
0,25.5,13.65,4.05,0,0,0
0,28.9,13.65,4.05,0,0,0
0,29.1,13.65,4.05,0,0,0
0,29.3,13.65,4.05,0,0,0
0,29.5,13.65,4.05,0,0,0
0,29.7,13.65,4.05,0,0,0
0,29.9,13.65,4.05,0,0,0
0,30.1,13.65,4.05,0,0,0
0,13.9,14.35,4.05,0,0,0
0,14.1,14.35,4.05,0,0,0
0,14.3,14.35,4.05,0,0,0
0,14.5,14.35,4.05,0,0,0
0,14.7,14.35,4.05,0,0,0
0,14.9,14.35,4.05,0,0,0
0,15.1,14.35,4.05,0,0,0
0,15.3,14.35,4.05,0,0,0
0,15.5,14.35,4.05,0,0,0
0,15.7,14.35,4.05,0,0,0
0,15.9,14.35,4.05,0,0,0
0,16.1,14.35,4.05,0,0,0
0,16.3,14.35,4.05,0,0,0
0,16.5,14.35,4.05,0,0,0
0,16.7,14.35,4.05,0,0,0
0,16.9,14.35,4.05,0,0,0
0,17.1,14.35,4.05,0,0,0
0,17.3,14.35,4.05,0,0,0
0,17.5,14.35,4.05,0,0,0
0,17.7,14.35,4.05,0,0,0
0,17.9,14.35,4.05,0,0,0
0,18.1,14.35,4.05,0,0,0
0,18.3,14.35,4.05,0,0,0
0,18.5,14.35,4.05,0,0,0
0,21.3,14.35,4.05,0,0,0
0,21.5,14.35,4.05,0,0,0
0,21.7,14.35,4.05,0,0,0
0,21.9,14.35,4.05,0,0,0
0,22.1,14.35,4.05,0,0,0
0,22.3,14.35,4.05,0,0,0
0,24.9,14.35,4.05,0,0,0
0,25.1,14.35,4.05,0,0,0
0,25.3,14.35,4.05,0,0,0
0,25.5,14.35,4.05,0,0,0
0,29.5,14.35,4.05,0,0,0
0,29.7,14.35,4.05,0,0,0
0,29.9,14.35,4.05,0,0,0
0,30.1,14.35,4.05,0,0,0
0,30.3,14.35,4.05,0,0,0
0,30.5,14.35,4.05,0,0,0
0,17.1,15.05,4.05,0,0,0
0,17.3,15.05,4.05,0,0,0
0,17.5,15.05,4.05,0,0,0
0,17.7,15.05,4.05,0,0,0
0,17.9,15.05,4.05,0,0,0
0,18.1,15.05,4.05,0,0,0
0,18.3,15.05,4.05,0,0,0
0,18.5,15.05,4.05,0,0,0
0,18.7,15.05,4.05,0,0,0
0,18.9,15.05,4.05,0,0,0
0,19.1,15.05,4.05,0,0,0
0,19.3,15.05,4.05,0,0,0
0,19.5,15.05,4.05,0,0,0
0,19.7,15.05,4.05,0,0,0
0,19.9,15.05,4.05,0,0,0
0,20.1,15.05,4.05,0,0,0
0,20.3,15.05,4.05,0,0,0
0,20.5,15.05,4.05,0,0,0
0,20.7,15.05,4.05,0,0,0
0,20.9,15.05,4.05,0,0,0
0,21.1,15.05,4.05,0,0,0
0,21.3,15.05,4.05,0,0,0
0,21.5,15.05,4.05,0,0,0
0,21.7,15.05,4.05,0,0,0
0,21.9,15.05,4.05,0,0,0
0,24.9,15.05,4.05,0,0,0
0,25.1,15.05,4.05,0,0,0
0,25.3,15.05,4.05,0,0,0
0,25.5,15.05,4.05,0,0,0
0,29.5,15.05,4.05,0,0,0
0,29.7,15.05,4.05,0,0,0
0,29.9,15.05,4.05,0,0,0
0,30.1,15.05,4.05,0,0,0
0,30.3,15.05,4.05,0,0,0
0,30.5,15.05,4.05,0,0,0
0,17.9,15.75,4.05,0,0,0
0,18.1,15.75,4.05,0,0,0
0,18.3,15.75,4.05,0,0,0
0,18.5,15.75,4.05,0,0,0
0,18.7,15.75,4.05,0,0,0
0,18.9,15.75,4.05,0,0,0
0,19.1,15.75,4.05,0,0,0
0,19.3,15.75,4.05,0,0,0
0,19.5,15.75,4.05,0,0,0
0,19.7,15.75,4.05,0,0,0
0,19.9,15.75,4.05,0,0,0
0,20.1,15.75,4.05,0,0,0
0,20.3,15.75,4.05,0,0,0
0,20.5,15.75,4.05,0,0,0
0,24.7,15.75,4.05,0,0,0
0,24.9,15.75,4.05,0,0,0
0,25.1,15.75,4.05,0,0,0
0,25.3,15.75,4.05,0,0,0
0,25.5,15.75,4.05,0,0,0
0,29.1,15.75,4.05,0,0,0
0,29.3,15.75,4.05,0,0,0
0,29.5,15.75,4.05,0,0,0
0,29.7,15.75,4.05,0,0,0
0,29.9,15.75,4.05,0,0,0
0,30.1,15.75,4.05,0,0,0
0,30.3,15.75,4.05,0,0,0
0,18.3,16.45,4.05,0,0,0
0,18.5,16.45,4.05,0,0,0
0,18.7,16.45,4.05,0,0,0
0,18.9,16.45,4.05,0,0,0
0,19.1,16.45,4.05,0,0,0
0,24.3,16.45,4.05,0,0,0
0,24.5,16.45,4.05,0,0,0
0,24.7,16.45,4.05,0,0,0
0,24.9,16.45,4.05,0,0,0
0,25.1,16.45,4.05,0,0,0
0,25.3,16.45,4.05,0,0,0
0,28.3,16.45,4.05,0,0,0
0,28.5,16.45,4.05,0,0,0
0,28.7,16.45,4.05,0,0,0
0,28.9,16.45,4.05,0,0,0
0,29.1,16.45,4.05,0,0,0
0,29.3,16.45,4.05,0,0,0
0,29.5,16.45,4.05,0,0,0
0,29.7,16.45,4.05,0,0,0
0,29.9,16.45,4.05,0,0,0
0,30.1,16.45,4.05,0,0,0
0,30.3,16.45,4.05,0,0,0
0,24.1,17.15,4.05,0,0,0
0,24.3,17.15,4.05,0,0,0
0,24.5,17.15,4.05,0,0,0
0,24.7,17.15,4.05,0,0,0
0,24.9,17.15,4.05,0,0,0
0,25.1,17.15,4.05,0,0,0
0,27.9,17.15,4.05,0,0,0
0,28.1,17.15,4.05,0,0,0
0,28.3,17.15,4.05,0,0,0
0,28.5,17.15,4.05,0,0,0
0,28.7,17.15,4.05,0,0,0
0,28.9,17.15,4.05,0,0,0
0,29.1,17.15,4.05,0,0,0
0,29.3,17.15,4.05,0,0,0
0,29.5,17.15,4.05,0,0,0
0,29.7,17.15,4.05,0,0,0
0,29.9,17.15,4.05,0,0,0
0,30.1,17.15,4.05,0,0,0
0,24.1,17.85,4.05,0,0,0
0,24.3,17.85,4.05,0,0,0
0,24.5,17.85,4.05,0,0,0
0,24.7,17.85,4.05,0,0,0
0,24.9,17.85,4.05,0,0,0
0,25.1,17.85,4.05,0,0,0
0,27.5,17.85,4.05,0,0,0
0,27.7,17.85,4.05,0,0,0
0,27.9,17.85,4.05,0,0,0
0,28.1,17.85,4.05,0,0,0
0,28.3,17.85,4.05,0,0,0
0,28.5,17.85,4.05,0,0,0
0,28.7,17.85,4.05,0,0,0
0,28.9,17.85,4.05,0,0,0
0,29.1,17.85,4.05,0,0,0
0,29.3,17.85,4.05,0,0,0
0,29.5,17.85,4.05,0,0,0
0,29.7,17.85,4.05,0,0,0
0,29.9,17.85,4.05,0,0,0
0,30.1,17.85,4.05,0,0,0
0,18.5,18.55,4.05,0,0,0
0,24.3,18.55,4.05,0,0,0
0,24.5,18.55,4.05,0,0,0
0,24.7,18.55,4.05,0,0,0
0,24.9,18.55,4.05,0,0,0
0,25.1,18.55,4.05,0,0,0
0,25.3,18.55,4.05,0,0,0
0,25.5,18.55,4.05,0,0,0
0,25.7,18.55,4.05,0,0,0
0,25.9,18.55,4.05,0,0,0
0,26.1,18.55,4.05,0,0,0
0,26.3,18.55,4.05,0,0,0
0,26.5,18.55,4.05,0,0,0
0,26.7,18.55,4.05,0,0,0
0,26.9,18.55,4.05,0,0,0
0,27.1,18.55,4.05,0,0,0
0,27.3,18.55,4.05,0,0,0
0,27.5,18.55,4.05,0,0,0
0,27.7,18.55,4.05,0,0,0
0,27.9,18.55,4.05,0,0,0
0,28.1,18.55,4.05,0,0,0
0,28.3,18.55,4.05,0,0,0
0,28.5,18.55,4.05,0,0,0
0,28.7,18.55,4.05,0,0,0
0,28.9,18.55,4.05,0,0,0
0,29.1,18.55,4.05,0,0,0
0,29.3,18.55,4.05,0,0,0
0,29.5,18.55,4.05,0,0,0
0,29.7,18.55,4.05,0,0,0
0,29.9,18.55,4.05,0,0,0
0,30.1,18.55,4.05,0,0,0
0,17.9,19.25,4.05,0,0,0
0,18.1,19.25,4.05,0,0,0
0,18.3,19.25,4.05,0,0,0
0,18.5,19.25,4.05,0,0,0
0,18.7,19.25,4.05,0,0,0
0,18.9,19.25,4.05,0,0,0
0,25.1,19.25,4.05,0,0,0
0,25.3,19.25,4.05,0,0,0
0,25.5,19.25,4.05,0,0,0
0,25.7,19.25,4.05,0,0,0
0,25.9,19.25,4.05,0,0,0
0,26.1,19.25,4.05,0,0,0
0,26.3,19.25,4.05,0,0,0
0,26.5,19.25,4.05,0,0,0
0,26.7,19.25,4.05,0,0,0
0,26.9,19.25,4.05,0,0,0
0,27.1,19.25,4.05,0,0,0
0,27.3,19.25,4.05,0,0,0
0,27.5,19.25,4.05,0,0,0
0,27.7,19.25,4.05,0,0,0
0,27.9,19.25,4.05,0,0,0
0,28.1,19.25,4.05,0,0,0
0,28.3,19.25,4.05,0,0,0
0,28.5,19.25,4.05,0,0,0
0,28.7,19.25,4.05,0,0,0
0,28.9,19.25,4.05,0,0,0
0,29.1,19.25,4.05,0,0,0
0,29.3,19.25,4.05,0,0,0
0,29.5,19.25,4.05,0,0,0
0,29.7,19.25,4.05,0,0,0
0,29.9,19.25,4.05,0,0,0
0,17.1,19.95,4.05,0,0,0
0,17.3,19.95,4.05,0,0,0
0,17.5,19.95,4.05,0,0,0
0,17.7,19.95,4.05,0,0,0
0,17.9,19.95,4.05,0,0,0
0,18.1,19.95,4.05,0,0,0
0,18.3,19.95,4.05,0,0,0
0,18.5,19.95,4.05,0,0,0
0,18.7,19.95,4.05,0,0,0
0,18.9,19.95,4.05,0,0,0
0,26.9,19.95,4.05,0,0,0
0,27.1,19.95,4.05,0,0,0
0,27.3,19.95,4.05,0,0,0
0,27.5,19.95,4.05,0,0,0
0,27.7,19.95,4.05,0,0,0
0,27.9,19.95,4.05,0,0,0
0,28.1,19.95,4.05,0,0,0
0,28.3,19.95,4.05,0,0,0
0,28.5,19.95,4.05,0,0,0
0,28.7,19.95,4.05,0,0,0
0,28.9,19.95,4.05,0,0,0
0,29.1,19.95,4.05,0,0,0
0,29.3,19.95,4.05,0,0,0
0,29.5,19.95,4.05,0,0,0
0,29.7,19.95,4.05,0,0,0
0,29.9,19.95,4.05,0,0,0
0,16.5,20.65,4.05,0,0,0
0,16.7,20.65,4.05,0,0,0
0,16.9,20.65,4.05,0,0,0
0,17.1,20.65,4.05,0,0,0
0,17.3,20.65,4.05,0,0,0
0,17.5,20.65,4.05,0,0,0
0,17.7,20.65,4.05,0,0,0
0,17.9,20.65,4.05,0,0,0
0,18.1,20.65,4.05,0,0,0
0,18.3,20.65,4.05,0,0,0
0,18.5,20.65,4.05,0,0,0
0,18.7,20.65,4.05,0,0,0
0,18.9,20.65,4.05,0,0,0
0,27.3,20.65,4.05,0,0,0
0,27.5,20.65,4.05,0,0,0
0,27.7,20.65,4.05,0,0,0
0,27.9,20.65,4.05,0,0,0
0,28.1,20.65,4.05,0,0,0
0,28.3,20.65,4.05,0,0,0
0,28.5,20.65,4.05,0,0,0
0,28.7,20.65,4.05,0,0,0
0,28.9,20.65,4.05,0,0,0
0,29.1,20.65,4.05,0,0,0
0,29.3,20.65,4.05,0,0,0
0,29.5,20.65,4.05,0,0,0
0,29.7,20.65,4.05,0,0,0
0,29.9,20.65,4.05,0,0,0
0,16.5,21.35,4.05,0,0,0
0,16.7,21.35,4.05,0,0,0
0,16.9,21.35,4.05,0,0,0
0,17.1,21.35,4.05,0,0,0
0,17.3,21.35,4.05,0,0,0
0,17.5,21.35,4.05,0,0,0
0,17.7,21.35,4.05,0,0,0
0,17.9,21.35,4.05,0,0,0
0,18.1,21.35,4.05,0,0,0
0,18.3,21.35,4.05,0,0,0
0,27.3,21.35,4.05,0,0,0
0,27.5,21.35,4.05,0,0,0
0,27.7,21.35,4.05,0,0,0
0,27.9,21.35,4.05,0,0,0
0,28.1,21.35,4.05,0,0,0
0,28.3,21.35,4.05,0,0,0
0,28.5,21.35,4.05,0,0,0
0,28.7,21.35,4.05,0,0,0
0,28.9,21.35,4.05,0,0,0
0,29.1,21.35,4.05,0,0,0
0,29.3,21.35,4.05,0,0,0
0,29.5,21.35,4.05,0,0,0
0,29.7,21.35,4.05,0,0,0
0,29.9,21.35,4.05,0,0,0
0,27.3,22.05,4.05,0,0,0
0,27.5,22.05,4.05,0,0,0
0,27.7,22.05,4.05,0,0,0
0,27.9,22.05,4.05,0,0,0
0,28.1,22.05,4.05,0,0,0
0,28.3,22.05,4.05,0,0,0
0,28.5,22.05,4.05,0,0,0
0,28.7,22.05,4.05,0,0,0
0,28.9,22.05,4.05,0,0,0
0,29.1,22.05,4.05,0,0,0
0,29.3,22.05,4.05,0,0,0
0,29.5,22.05,4.05,0,0,0
0,29.7,22.05,4.05,0,0,0
0,29.9,22.05,4.05,0,0,0
0,27.3,22.75,4.05,0,0,0
0,27.5,22.75,4.05,0,0,0
0,27.7,22.75,4.05,0,0,0
0,27.9,22.75,4.05,0,0,0
0,28.1,22.75,4.05,0,0,0
0,28.3,22.75,4.05,0,0,0
0,28.5,22.75,4.05,0,0,0
0,28.7,22.75,4.05,0,0,0
0,28.9,22.75,4.05,0,0,0
0,29.1,22.75,4.05,0,0,0
0,29.3,22.75,4.05,0,0,0
0,29.5,22.75,4.05,0,0,0
0,29.7,22.75,4.05,0,0,0
0,29.9,22.75,4.05,0,0,0
0,28.1,7.35,4.95,0,0,0
0,28.3,7.35,4.95,0,0,0
0,28.5,7.35,4.95,0,0,0
0,28.7,7.35,4.95,0,0,0
0,28.9,7.35,4.95,0,0,0
0,29.1,7.35,4.95,0,0,0
0,29.3,7.35,4.95,0,0,0
0,29.5,7.35,4.95,0,0,0
0,29.7,7.35,4.95,0,0,0
0,29.9,7.35,4.95,0,0,0
0,30.1,7.35,4.95,0,0,0
0,28.1,8.05,4.95,0,0,0
0,28.3,8.05,4.95,0,0,0
0,28.5,8.05,4.95,0,0,0
0,28.7,8.05,4.95,0,0,0
0,28.9,8.05,4.95,0,0,0
0,29.1,8.05,4.95,0,0,0
0,29.3,8.05,4.95,0,0,0
0,29.5,8.05,4.95,0,0,0
0,29.7,8.05,4.95,0,0,0
0,29.9,8.05,4.95,0,0,0
0,30.1,8.05,4.95,0,0,0
0,28.1,8.75,4.95,0,0,0
0,28.3,8.75,4.95,0,0,0
0,28.5,8.75,4.95,0,0,0
0,28.7,8.75,4.95,0,0,0
0,28.9,8.75,4.95,0,0,0
0,29.1,8.75,4.95,0,0,0
0,29.3,8.75,4.95,0,0,0
0,29.5,8.75,4.95,0,0,0
0,29.7,8.75,4.95,0,0,0
0,29.9,8.75,4.95,0,0,0
0,30.1,8.75,4.95,0,0,0
0,28.3,9.45,4.95,0,0,0
0,28.5,9.45,4.95,0,0,0
0,28.7,9.45,4.95,0,0,0
0,28.9,9.45,4.95,0,0,0
0,29.1,9.45,4.95,0,0,0
0,29.3,9.45,4.95,0,0,0
0,29.5,9.45,4.95,0,0,0
0,29.7,9.45,4.95,0,0,0
0,18.9,10.85,4.95,0,0,0
0,19.1,10.85,4.95,0,0,0
0,19.3,10.85,4.95,0,0,0
0,19.5,10.85,4.95,0,0,0
0,19.7,10.85,4.95,0,0,0
0,19.9,10.85,4.95,0,0,0
0,20.1,10.85,4.95,0,0,0
0,20.3,10.85,4.95,0,0,0
0,20.5,10.85,4.95,0,0,0
0,20.7,10.85,4.95,0,0,0
0,20.9,10.85,4.95,0,0,0
0,18.1,11.55,4.95,0,0,0
0,18.3,11.55,4.95,0,0,0
0,18.5,11.55,4.95,0,0,0
0,18.7,11.55,4.95,0,0,0
0,18.9,11.55,4.95,0,0,0
0,19.1,11.55,4.95,0,0,0
0,19.3,11.55,4.95,0,0,0
0,19.5,11.55,4.95,0,0,0
0,19.7,11.55,4.95,0,0,0
0,19.9,11.55,4.95,0,0,0
0,20.1,11.55,4.95,0,0,0
0,20.3,11.55,4.95,0,0,0
0,20.5,11.55,4.95,0,0,0
0,20.7,11.55,4.95,0,0,0
0,20.9,11.55,4.95,0,0,0
0,21.1,11.55,4.95,0,0,0
0,21.3,11.55,4.95,0,0,0
0,21.5,11.55,4.95,0,0,0
0,17.9,12.25,4.95,0,0,0
0,18.1,12.25,4.95,0,0,0
0,18.3,12.25,4.95,0,0,0
0,18.5,12.25,4.95,0,0,0
0,18.7,12.25,4.95,0,0,0
0,18.9,12.25,4.95,0,0,0
0,19.1,12.25,4.95,0,0,0
0,19.3,12.25,4.95,0,0,0
0,19.5,12.25,4.95,0,0,0
0,20.9,12.25,4.95,0,0,0
0,21.1,12.25,4.95,0,0,0
0,21.3,12.25,4.95,0,0,0
0,21.5,12.25,4.95,0,0,0
0,21.7,12.25,4.95,0,0,0
0,21.9,12.25,4.95,0,0,0
0,26.3,12.25,4.95,0,0,0
0,26.5,12.25,4.95,0,0,0
0,26.7,12.25,4.95,0,0,0
0,26.9,12.25,4.95,0,0,0
0,27.1,12.25,4.95,0,0,0
0,27.3,12.25,4.95,0,0,0
0,27.5,12.25,4.95,0,0,0
0,27.7,12.25,4.95,0,0,0
0,27.9,12.25,4.95,0,0,0
0,28.1,12.25,4.95,0,0,0
0,28.3,12.25,4.95,0,0,0
0,17.7,12.95,4.95,0,0,0
0,17.9,12.95,4.95,0,0,0
0,18.1,12.95,4.95,0,0,0
0,18.3,12.95,4.95,0,0,0
0,18.5,12.95,4.95,0,0,0
0,18.7,12.95,4.95,0,0,0
0,18.9,12.95,4.95,0,0,0
0,19.1,12.95,4.95,0,0,0
0,21.5,12.95,4.95,0,0,0
0,21.7,12.95,4.95,0,0,0
0,21.9,12.95,4.95,0,0,0
0,22.1,12.95,4.95,0,0,0
0,25.5,12.95,4.95,0,0,0
0,25.7,12.95,4.95,0,0,0
0,25.9,12.95,4.95,0,0,0
0,26.1,12.95,4.95,0,0,0
0,26.3,12.95,4.95,0,0,0
0,26.5,12.95,4.95,0,0,0
0,26.7,12.95,4.95,0,0,0
0,26.9,12.95,4.95,0,0,0
0,27.1,12.95,4.95,0,0,0
0,27.3,12.95,4.95,0,0,0
0,27.5,12.95,4.95,0,0,0
0,27.7,12.95,4.95,0,0,0
0,27.9,12.95,4.95,0,0,0
0,28.1,12.95,4.95,0,0,0
0,28.3,12.95,4.95,0,0,0
0,28.5,12.95,4.95,0,0,0
0,28.7,12.95,4.95,0,0,0
0,28.9,12.95,4.95,0,0,0
0,17.7,13.65,4.95,0,0,0
0,17.9,13.65,4.95,0,0,0
0,18.1,13.65,4.95,0,0,0
0,18.3,13.65,4.95,0,0,0
0,18.5,13.65,4.95,0,0,0
0,18.7,13.65,4.95,0,0,0
0,18.9,13.65,4.95,0,0,0
0,21.5,13.65,4.95,0,0,0
0,21.7,13.65,4.95,0,0,0
0,21.9,13.65,4.95,0,0,0
0,22.1,13.65,4.95,0,0,0
0,25.3,13.65,4.95,0,0,0
0,25.5,13.65,4.95,0,0,0
0,25.7,13.65,4.95,0,0,0
0,25.9,13.65,4.95,0,0,0
0,26.1,13.65,4.95,0,0,0
0,26.3,13.65,4.95,0,0,0
0,26.5,13.65,4.95,0,0,0
0,28.3,13.65,4.95,0,0,0
0,28.5,13.65,4.95,0,0,0
0,28.7,13.65,4.95,0,0,0
0,28.9,13.65,4.95,0,0,0
0,29.1,13.65,4.95,0,0,0
0,29.3,13.65,4.95,0,0,0
0,29.5,13.65,4.95,0,0,0
0,17.9,14.35,4.95,0,0,0
0,18.1,14.35,4.95,0,0,0
0,18.3,14.35,4.95,0,0,0
0,18.5,14.35,4.95,0,0,0
0,18.7,14.35,4.95,0,0,0
0,18.9,14.35,4.95,0,0,0
0,19.1,14.35,4.95,0,0,0
0,19.3,14.35,4.95,0,0,0
0,19.5,14.35,4.95,0,0,0
0,19.7,14.35,4.95,0,0,0
0,19.9,14.35,4.95,0,0,0
0,20.1,14.35,4.95,0,0,0
0,20.3,14.35,4.95,0,0,0
0,20.5,14.35,4.95,0,0,0
0,20.7,14.35,4.95,0,0,0
0,20.9,14.35,4.95,0,0,0
0,21.1,14.35,4.95,0,0,0
0,21.3,14.35,4.95,0,0,0
0,21.5,14.35,4.95,0,0,0
0,21.7,14.35,4.95,0,0,0
0,21.9,14.35,4.95,0,0,0
0,25.3,14.35,4.95,0,0,0
0,25.5,14.35,4.95,0,0,0
0,25.7,14.35,4.95,0,0,0
0,25.9,14.35,4.95,0,0,0
0,26.1,14.35,4.95,0,0,0
0,29.1,14.35,4.95,0,0,0
0,29.3,14.35,4.95,0,0,0
0,29.5,14.35,4.95,0,0,0
0,29.7,14.35,4.95,0,0,0
0,29.9,14.35,4.95,0,0,0
0,18.5,15.05,4.95,0,0,0
0,18.7,15.05,4.95,0,0,0
0,18.9,15.05,4.95,0,0,0
0,19.1,15.05,4.95,0,0,0
0,19.3,15.05,4.95,0,0,0
0,19.5,15.05,4.95,0,0,0
0,19.7,15.05,4.95,0,0,0
0,19.9,15.05,4.95,0,0,0
0,20.1,15.05,4.95,0,0,0
0,20.3,15.05,4.95,0,0,0
0,20.5,15.05,4.95,0,0,0
0,20.7,15.05,4.95,0,0,0
0,20.9,15.05,4.95,0,0,0
0,21.1,15.05,4.95,0,0,0
0,21.3,15.05,4.95,0,0,0
0,25.5,15.05,4.95,0,0,0
0,25.7,15.05,4.95,0,0,0
0,25.9,15.05,4.95,0,0,0
0,26.1,15.05,4.95,0,0,0
0,26.3,15.05,4.95,0,0,0
0,28.3,15.05,4.95,0,0,0
0,28.5,15.05,4.95,0,0,0
0,28.7,15.05,4.95,0,0,0
0,28.9,15.05,4.95,0,0,0
0,29.1,15.05,4.95,0,0,0
0,29.3,15.05,4.95,0,0,0
0,29.5,15.05,4.95,0,0,0
0,29.7,15.05,4.95,0,0,0
0,29.9,15.05,4.95,0,0,0
0,25.3,15.75,4.95,0,0,0
0,25.5,15.75,4.95,0,0,0
0,25.7,15.75,4.95,0,0,0
0,25.9,15.75,4.95,0,0,0
0,26.1,15.75,4.95,0,0,0
0,26.3,15.75,4.95,0,0,0
0,26.5,15.75,4.95,0,0,0
0,26.7,15.75,4.95,0,0,0
0,26.9,15.75,4.95,0,0,0
0,27.1,15.75,4.95,0,0,0
0,27.3,15.75,4.95,0,0,0
0,27.5,15.75,4.95,0,0,0
0,27.7,15.75,4.95,0,0,0
0,27.9,15.75,4.95,0,0,0
0,28.1,15.75,4.95,0,0,0
0,28.3,15.75,4.95,0,0,0
0,28.5,15.75,4.95,0,0,0
0,28.7,15.75,4.95,0,0,0
0,28.9,15.75,4.95,0,0,0
0,29.1,15.75,4.95,0,0,0
0,29.3,15.75,4.95,0,0,0
0,29.5,15.75,4.95,0,0,0
0,25.1,16.45,4.95,0,0,0
0,25.3,16.45,4.95,0,0,0
0,25.5,16.45,4.95,0,0,0
0,25.7,16.45,4.95,0,0,0
0,25.9,16.45,4.95,0,0,0
0,26.1,16.45,4.95,0,0,0
0,26.3,16.45,4.95,0,0,0
0,26.5,16.45,4.95,0,0,0
0,26.7,16.45,4.95,0,0,0
0,26.9,16.45,4.95,0,0,0
0,27.1,16.45,4.95,0,0,0
0,27.3,16.45,4.95,0,0,0
0,27.5,16.45,4.95,0,0,0
0,27.7,16.45,4.95,0,0,0
0,27.9,16.45,4.95,0,0,0
0,28.1,16.45,4.95,0,0,0
0,28.3,16.45,4.95,0,0,0
0,28.5,16.45,4.95,0,0,0
0,28.7,16.45,4.95,0,0,0
0,28.9,16.45,4.95,0,0,0
0,29.1,16.45,4.95,0,0,0
0,24.7,17.15,4.95,0,0,0
0,24.9,17.15,4.95,0,0,0
0,25.1,17.15,4.95,0,0,0
0,25.3,17.15,4.95,0,0,0
0,25.5,17.15,4.95,0,0,0
0,25.7,17.15,4.95,0,0,0
0,25.9,17.15,4.95,0,0,0
0,26.1,17.15,4.95,0,0,0
0,26.3,17.15,4.95,0,0,0
0,26.5,17.15,4.95,0,0,0
0,26.7,17.15,4.95,0,0,0
0,26.9,17.15,4.95,0,0,0
0,27.1,17.15,4.95,0,0,0
0,27.3,17.15,4.95,0,0,0
0,27.5,17.15,4.95,0,0,0
0,27.7,17.15,4.95,0,0,0
0,27.9,17.15,4.95,0,0,0
0,28.1,17.15,4.95,0,0,0
0,28.3,17.15,4.95,0,0,0
0,24.7,17.85,4.95,0,0,0
0,24.9,17.85,4.95,0,0,0
0,25.1,17.85,4.95,0,0,0
0,25.3,17.85,4.95,0,0,0
0,25.5,17.85,4.95,0,0,0
0,25.7,17.85,4.95,0,0,0
0,25.9,17.85,4.95,0,0,0
0,26.1,17.85,4.95,0,0,0
0,26.3,17.85,4.95,0,0,0
0,26.5,17.85,4.95,0,0,0
0,26.7,17.85,4.95,0,0,0
0,26.9,17.85,4.95,0,0,0
0,27.1,17.85,4.95,0,0,0
0,27.3,17.85,4.95,0,0,0
0,27.5,17.85,4.95,0,0,0
0,27.7,17.85,4.95,0,0,0
0,27.9,17.85,4.95,0,0,0
0,25.1,18.55,4.95,0,0,0
0,25.3,18.55,4.95,0,0,0
0,25.5,18.55,4.95,0,0,0
0,25.7,18.55,4.95,0,0,0
0,25.9,18.55,4.95,0,0,0
0,26.1,18.55,4.95,0,0,0
0,26.3,18.55,4.95,0,0,0
0,26.5,18.55,4.95,0,0,0
0,26.7,18.55,4.95,0,0,0
0,26.9,18.55,4.95,0,0,0
0,27.1,18.55,4.95,0,0,0
0,27.3,18.55,4.95,0,0,0
0,27.5,18.55,4.95,0,0,0
0,19.5,11.55,5.85,0,0,0
0,19.7,11.55,5.85,0,0,0
0,19.9,11.55,5.85,0,0,0
0,20.1,11.55,5.85,0,0,0
0,20.3,11.55,5.85,0,0,0
0,20.5,11.55,5.85,0,0,0
0,20.7,11.55,5.85,0,0,0
0,20.9,11.55,5.85,0,0,0
0,19.1,12.25,5.85,0,0,0
0,19.3,12.25,5.85,0,0,0
0,19.5,12.25,5.85,0,0,0
0,19.7,12.25,5.85,0,0,0
0,19.9,12.25,5.85,0,0,0
0,20.1,12.25,5.85,0,0,0
0,20.3,12.25,5.85,0,0,0
0,20.5,12.25,5.85,0,0,0
0,20.7,12.25,5.85,0,0,0
0,20.9,12.25,5.85,0,0,0
0,21.1,12.25,5.85,0,0,0
0,21.3,12.25,5.85,0,0,0
0,21.5,12.25,5.85,0,0,0
0,18.9,12.95,5.85,0,0,0
0,19.1,12.95,5.85,0,0,0
0,19.3,12.95,5.85,0,0,0
0,19.5,12.95,5.85,0,0,0
0,19.7,12.95,5.85,0,0,0
0,19.9,12.95,5.85,0,0,0
0,20.9,12.95,5.85,0,0,0
0,21.1,12.95,5.85,0,0,0
0,21.3,12.95,5.85,0,0,0
0,21.5,12.95,5.85,0,0,0
0,21.7,12.95,5.85,0,0,0
0,26.5,12.95,5.85,0,0,0
0,26.7,12.95,5.85,0,0,0
0,26.9,12.95,5.85,0,0,0
0,27.1,12.95,5.85,0,0,0
0,27.3,12.95,5.85,0,0,0
0,27.5,12.95,5.85,0,0,0
0,27.7,12.95,5.85,0,0,0
0,27.9,12.95,5.85,0,0,0
0,28.1,12.95,5.85,0,0,0
0,28.3,12.95,5.85,0,0,0
0,18.9,13.65,5.85,0,0,0
0,19.1,13.65,5.85,0,0,0
0,19.3,13.65,5.85,0,0,0
0,19.5,13.65,5.85,0,0,0
0,19.7,13.65,5.85,0,0,0
0,19.9,13.65,5.85,0,0,0
0,20.9,13.65,5.85,0,0,0
0,21.1,13.65,5.85,0,0,0
0,21.3,13.65,5.85,0,0,0
0,21.5,13.65,5.85,0,0,0
0,21.7,13.65,5.85,0,0,0
0,26.1,13.65,5.85,0,0,0
0,26.3,13.65,5.85,0,0,0
0,26.5,13.65,5.85,0,0,0
0,26.7,13.65,5.85,0,0,0
0,26.9,13.65,5.85,0,0,0
0,27.1,13.65,5.85,0,0,0
0,27.3,13.65,5.85,0,0,0
0,27.5,13.65,5.85,0,0,0
0,27.7,13.65,5.85,0,0,0
0,27.9,13.65,5.85,0,0,0
0,28.1,13.65,5.85,0,0,0
0,28.3,13.65,5.85,0,0,0
0,28.5,13.65,5.85,0,0,0
0,28.7,13.65,5.85,0,0,0
0,28.9,13.65,5.85,0,0,0
0,29.1,13.65,5.85,0,0,0
0,18.9,14.35,5.85,0,0,0
0,19.1,14.35,5.85,0,0,0
0,19.3,14.35,5.85,0,0,0
0,19.5,14.35,5.85,0,0,0
0,19.7,14.35,5.85,0,0,0
0,19.9,14.35,5.85,0,0,0
0,20.1,14.35,5.85,0,0,0
0,20.3,14.35,5.85,0,0,0
0,20.5,14.35,5.85,0,0,0
0,20.7,14.35,5.85,0,0,0
0,20.9,14.35,5.85,0,0,0
0,21.1,14.35,5.85,0,0,0
0,21.3,14.35,5.85,0,0,0
0,21.5,14.35,5.85,0,0,0
0,26.1,14.35,5.85,0,0,0
0,26.3,14.35,5.85,0,0,0
0,26.5,14.35,5.85,0,0,0
0,26.7,14.35,5.85,0,0,0
0,26.9,14.35,5.85,0,0,0
0,28.3,14.35,5.85,0,0,0
0,28.5,14.35,5.85,0,0,0
0,28.7,14.35,5.85,0,0,0
0,28.9,14.35,5.85,0,0,0
0,29.1,14.35,5.85,0,0,0
0,29.3,14.35,5.85,0,0,0
0,20.1,15.05,5.85,0,0,0
0,26.1,15.05,5.85,0,0,0
0,26.3,15.05,5.85,0,0,0
0,26.5,15.05,5.85,0,0,0
0,26.7,15.05,5.85,0,0,0
0,26.9,15.05,5.85,0,0,0
0,27.1,15.05,5.85,0,0,0
0,27.3,15.05,5.85,0,0,0
0,27.5,15.05,5.85,0,0,0
0,27.7,15.05,5.85,0,0,0
0,27.9,15.05,5.85,0,0,0
0,28.1,15.05,5.85,0,0,0
0,28.3,15.05,5.85,0,0,0
0,28.5,15.05,5.85,0,0,0
0,28.7,15.05,5.85,0,0,0
0,28.9,15.05,5.85,0,0,0
0,29.1,15.05,5.85,0,0,0
0,26.3,15.75,5.85,0,0,0
0,26.5,15.75,5.85,0,0,0
0,26.7,15.75,5.85,0,0,0
0,26.9,15.75,5.85,0,0,0
0,27.1,15.75,5.85,0,0,0
0,27.3,15.75,5.85,0,0,0
0,27.5,15.75,5.85,0,0,0
0,27.7,15.75,5.85,0,0,0
0,27.9,15.75,5.85,0,0,0
0,28.1,15.75,5.85,0,0,0
0,28.3,15.75,5.85,0,0,0
0,25.9,17.15,5.85,0,0,0
0,26.1,17.15,5.85,0,0,0
0,26.3,17.15,5.85,0,0,0
0,19.9,12.25,6.75,0,0,0
0,20.1,12.25,6.75,0,0,0
0,20.3,12.25,6.75,0,0,0
0,20.5,12.25,6.75,0,0,0
0,20.7,12.25,6.75,0,0,0
0,20.9,12.25,6.75,0,0,0
0,19.5,12.95,6.75,0,0,0
0,19.7,12.95,6.75,0,0,0
0,19.9,12.95,6.75,0,0,0
0,20.1,12.95,6.75,0,0,0
0,20.3,12.95,6.75,0,0,0
0,20.5,12.95,6.75,0,0,0
0,20.7,12.95,6.75,0,0,0
0,20.9,12.95,6.75,0,0,0
0,21.1,12.95,6.75,0,0,0
0,21.3,12.95,6.75,0,0,0
0,19.5,13.65,6.75,0,0,0
0,19.7,13.65,6.75,0,0,0
0,19.9,13.65,6.75,0,0,0
0,20.1,13.65,6.75,0,0,0
0,20.3,13.65,6.75,0,0,0
0,20.5,13.65,6.75,0,0,0
0,20.7,13.65,6.75,0,0,0
0,20.9,13.65,6.75,0,0,0
0,21.1,13.65,6.75,0,0,0
0,21.3,13.65,6.75,0,0,0
0,26.7,13.65,6.75,0,0,0
0,26.9,13.65,6.75,0,0,0
0,27.1,13.65,6.75,0,0,0
0,27.3,13.65,6.75,0,0,0
0,27.5,13.65,6.75,0,0,0
0,27.7,13.65,6.75,0,0,0
0,27.9,13.65,6.75,0,0,0
0,28.1,13.65,6.75,0,0,0
0,28.3,13.65,6.75,0,0,0
0,19.9,14.35,6.75,0,0,0
0,20.1,14.35,6.75,0,0,0
0,20.3,14.35,6.75,0,0,0
0,20.5,14.35,6.75,0,0,0
0,20.7,14.35,6.75,0,0,0
0,20.9,14.35,6.75,0,0,0
0,26.7,14.35,6.75,0,0,0
0,26.9,14.35,6.75,0,0,0
0,27.1,14.35,6.75,0,0,0
0,27.3,14.35,6.75,0,0,0
0,27.5,14.35,6.75,0,0,0
0,27.7,14.35,6.75,0,0,0
0,27.9,14.35,6.75,0,0,0
0,28.1,14.35,6.75,0,0,0
0,28.3,14.35,6.75,0,0,0
0,28.5,14.35,6.75,0,0,0
0,26.9,15.05,6.75,0,0,0
0,27.1,15.05,6.75,0,0,0
0,27.3,15.05,6.75,0,0,0
0,27.5,15.05,6.75,0,0,0
0,27.7,15.05,6.75,0,0,0
0,27.9,15.05,6.75,0,0,0
0,28.1,15.05,6.75,0,0,0
0,28.3,15.05,6.75,0,0,0
